2 100 -5 5 2601
-1.0	-1.0	12.0
-1.0	-0.96	11.6
-1.0	-0.92	11.200000000000001
-1.0	-0.88	10.8
-1.0	-0.84	10.4
-1.0	-0.8	10.0
-1.0	-0.76	9.600000000000001
-1.0	-0.72	9.2
-1.0	-0.6799999999999999	8.8
-1.0	-0.64	8.4
-1.0	-0.6	8.0
-1.0	-0.56	7.6000000000000005
-1.0	-0.52	7.2
-1.0	-0.48	6.8
-1.0	-0.43999999999999995	6.3999999999999995
-1.0	-0.4	6.0
-1.0	-0.36	5.6
-1.0	-0.31999999999999995	5.199999999999999
-1.0	-0.28	4.800000000000001
-1.0	-0.24	4.4
-1.0	-0.19999999999999996	3.9999999999999996
-1.0	-0.16000000000000003	3.6
-1.0	-0.12	3.1999999999999997
-1.0	-0.07999999999999996	2.7999999999999994
-1.0	-0.040000000000000036	2.4000000000000004
-1.0	0.0	2.0
-1.0	0.040000000000000036	1.5999999999999996
-1.0	0.08000000000000007	1.1999999999999993
-1.0	0.1200000000000001	0.7999999999999989
-1.0	0.15999999999999992	0.4000000000000008
-1.0	0.19999999999999996	4.440892098500626e-16
-1.0	0.24	-0.3999999999999999
-1.0	0.28	-0.8000000000000003
-1.0	0.32000000000000006	-1.2000000000000002
-1.0	0.3600000000000001	-1.6000000000000005
-1.0	0.40000000000000013	-2.000000000000001
-1.0	0.43999999999999995	-2.3999999999999995
-1.0	0.48	-2.8
-1.0	0.52	-3.2
-1.0	0.56	-3.6000000000000005
-1.0	0.6000000000000001	-4.000000000000002
-1.0	0.6400000000000001	-4.4
-1.0	0.6799999999999999	-4.8
-1.0	0.72	-5.2
-1.0	0.76	-5.6000000000000005
-1.0	0.8	-6.000000000000001
-1.0	0.8400000000000001	-6.400000000000001
-1.0	0.8800000000000001	-6.800000000000002
-1.0	0.9199999999999999	-7.199999999999999
-1.0	0.96	-7.6
-1.0	1.0	-8.0
-0.96	-1.0	11.8016
-0.96	-0.96	11.4064
-0.96	-0.92	11.0112
-0.96	-0.88	10.616
-0.96	-0.84	10.2208
-0.96	-0.8	9.825600000000001
-0.96	-0.76	9.4304
-0.96	-0.72	9.0352
-0.96	-0.6799999999999999	8.64
-0.96	-0.64	8.244800000000001
-0.96	-0.6	7.849600000000001
-0.96	-0.56	7.4544
-0.96	-0.52	7.059200000000001
-0.96	-0.48	6.664
-0.96	-0.43999999999999995	6.268799999999999
-0.96	-0.4	5.8736
-0.96	-0.36	5.4784
-0.96	-0.31999999999999995	5.0832
-0.96	-0.28	4.688000000000001
-0.96	-0.24	4.2928
-0.96	-0.19999999999999996	3.8975999999999997
-0.96	-0.16000000000000003	3.5024
-0.96	-0.12	3.1071999999999997
-0.96	-0.07999999999999996	2.7119999999999997
-0.96	-0.040000000000000036	2.3168000000000006
-0.96	0.0	1.9216
-0.96	0.040000000000000036	1.5263999999999998
-0.96	0.08000000000000007	1.1311999999999993
-0.96	0.1200000000000001	0.7359999999999989
-0.96	0.15999999999999992	0.34080000000000077
-0.96	0.19999999999999996	-0.05439999999999956
-0.96	0.24	-0.4495999999999998
-0.96	0.28	-0.8448000000000002
-0.96	0.32000000000000006	-1.2400000000000002
-0.96	0.3600000000000001	-1.6352000000000007
-0.96	0.40000000000000013	-2.030400000000001
-0.96	0.43999999999999995	-2.4255999999999993
-0.96	0.48	-2.8207999999999998
-0.96	0.52	-3.216
-0.96	0.56	-3.6112
-0.96	0.6000000000000001	-4.006400000000001
-0.96	0.6400000000000001	-4.401600000000001
-0.96	0.6799999999999999	-4.796799999999999
-0.96	0.72	-5.192
-0.96	0.76	-5.5872
-0.96	0.8	-5.9824
-0.96	0.8400000000000001	-6.377600000000001
-0.96	0.8800000000000001	-6.772800000000001
-0.96	0.9199999999999999	-7.167999999999999
-0.96	0.96	-7.5632
-0.96	1.0	-7.958399999999999
-0.92	-1.0	11.6064
-0.92	-0.96	11.216
-0.92	-0.92	10.825600000000001
-0.92	-0.88	10.4352
-0.92	-0.84	10.0448
-0.92	-0.8	9.6544
-0.92	-0.76	9.264000000000001
-0.92	-0.72	8.8736
-0.92	-0.6799999999999999	8.4832
-0.92	-0.64	8.0928
-0.92	-0.6	7.702400000000001
-0.92	-0.56	7.312000000000001
-0.92	-0.52	6.9216
-0.92	-0.48	6.5312
-0.92	-0.43999999999999995	6.1408
-0.92	-0.4	5.750400000000001
-0.92	-0.36	5.36
-0.92	-0.31999999999999995	4.9696
-0.92	-0.28	4.5792
-0.92	-0.24	4.1888
-0.92	-0.19999999999999996	3.7984
-0.92	-0.16000000000000003	3.4080000000000004
-0.92	-0.12	3.0176
-0.92	-0.07999999999999996	2.6271999999999998
-0.92	-0.040000000000000036	2.2368000000000006
-0.92	0.0	1.8464
-0.92	0.040000000000000036	1.4559999999999997
-0.92	0.08000000000000007	1.0655999999999994
-0.92	0.1200000000000001	0.6751999999999989
-0.92	0.15999999999999992	0.28480000000000083
-0.92	0.19999999999999996	-0.10559999999999947
-0.92	0.24	-0.496
-0.92	0.28	-0.8864000000000003
-0.92	0.32000000000000006	-1.2768000000000006
-0.92	0.3600000000000001	-1.6672000000000007
-0.92	0.40000000000000013	-2.057600000000001
-0.92	0.43999999999999995	-2.4479999999999995
-0.92	0.48	-2.8384
-0.92	0.52	-3.2288000000000006
-0.92	0.56	-3.619200000000001
-0.92	0.6000000000000001	-4.009600000000002
-0.92	0.6400000000000001	-4.4
-0.92	0.6799999999999999	-4.7904
-0.92	0.72	-5.1808
-0.92	0.76	-5.571200000000001
-0.92	0.8	-5.961600000000001
-0.92	0.8400000000000001	-6.352000000000001
-0.92	0.8800000000000001	-6.742400000000002
-0.92	0.9199999999999999	-7.1328
-0.92	0.96	-7.523199999999999
-0.92	1.0	-7.913600000000001
-0.88	-1.0	11.4144
-0.88	-0.96	11.0288
-0.88	-0.92	10.6432
-0.88	-0.88	10.2576
-0.88	-0.84	9.872
-0.88	-0.8	9.4864
-0.88	-0.76	9.1008
-0.88	-0.72	8.7152
-0.88	-0.6799999999999999	8.3296
-0.88	-0.64	7.944000000000001
-0.88	-0.6	7.558400000000001
-0.88	-0.56	7.1728000000000005
-0.88	-0.52	6.7872
-0.88	-0.48	6.4016
-0.88	-0.43999999999999995	6.016
-0.88	-0.4	5.6304
-0.88	-0.36	5.2448
-0.88	-0.31999999999999995	4.8591999999999995
-0.88	-0.28	4.4736
-0.88	-0.24	4.088
-0.88	-0.19999999999999996	3.7024
-0.88	-0.16000000000000003	3.3168
-0.88	-0.12	2.9312
-0.88	-0.07999999999999996	2.5455999999999994
-0.88	-0.040000000000000036	2.16
-0.88	0.0	1.7744
-0.88	0.040000000000000036	1.3887999999999996
-0.88	0.08000000000000007	1.0031999999999992
-0.88	0.1200000000000001	0.6175999999999989
-0.88	0.15999999999999992	0.23200000000000065
-0.88	0.19999999999999996	-0.15359999999999951
-0.88	0.24	-0.5392000000000001
-0.88	0.28	-0.9248000000000003
-0.88	0.32000000000000006	-1.3104000000000005
-0.88	0.3600000000000001	-1.6960000000000006
-0.88	0.40000000000000013	-2.0816000000000012
-0.88	0.43999999999999995	-2.4671999999999996
-0.88	0.48	-2.8528000000000002
-0.88	0.52	-3.2384000000000004
-0.88	0.56	-3.6240000000000006
-0.88	0.6000000000000001	-4.009600000000002
-0.88	0.6400000000000001	-4.395200000000001
-0.88	0.6799999999999999	-4.780799999999999
-0.88	0.72	-5.1664
-0.88	0.76	-5.5520000000000005
-0.88	0.8	-5.937600000000001
-0.88	0.8400000000000001	-6.323200000000002
-0.88	0.8800000000000001	-6.708800000000002
-0.88	0.9199999999999999	-7.0944
-0.88	0.96	-7.48
-0.88	1.0	-7.865600000000001
-0.84	-1.0	11.2256
-0.84	-0.96	10.8448
-0.84	-0.92	10.464
-0.84	-0.88	10.0832
-0.84	-0.84	9.7024
-0.84	-0.8	9.3216
-0.84	-0.76	8.9408
-0.84	-0.72	8.56
-0.84	-0.6799999999999999	8.1792
-0.84	-0.64	7.798400000000001
-0.84	-0.6	7.4176
-0.84	-0.56	7.0368
-0.84	-0.52	6.656000000000001
-0.84	-0.48	6.2752
-0.84	-0.43999999999999995	5.894399999999999
-0.84	-0.4	5.5136
-0.84	-0.36	5.1328
-0.84	-0.31999999999999995	4.752
-0.84	-0.28	4.3712
-0.84	-0.24	3.9904
-0.84	-0.19999999999999996	3.6095999999999995
-0.84	-0.16000000000000003	3.2288
-0.84	-0.12	2.848
-0.84	-0.07999999999999996	2.4671999999999996
-0.84	-0.040000000000000036	2.0864000000000003
-0.84	0.0	1.7056
-0.84	0.040000000000000036	1.3247999999999995
-0.84	0.08000000000000007	0.9439999999999993
-0.84	0.1200000000000001	0.5631999999999988
-0.84	0.15999999999999992	0.18240000000000067
-0.84	0.19999999999999996	-0.1983999999999997
-0.84	0.24	-0.5792000000000002
-0.84	0.28	-0.9600000000000004
-0.84	0.32000000000000006	-1.3408000000000007
-0.84	0.3600000000000001	-1.721600000000001
-0.84	0.40000000000000013	-2.102400000000001
-0.84	0.43999999999999995	-2.4831999999999996
-0.84	0.48	-2.864
-0.84	0.52	-3.2448000000000006
-0.84	0.56	-3.6256000000000004
-0.84	0.6000000000000001	-4.006400000000001
-0.84	0.6400000000000001	-4.387200000000001
-0.84	0.6799999999999999	-4.768
-0.84	0.72	-5.1488
-0.84	0.76	-5.5296
-0.84	0.8	-5.910400000000001
-0.84	0.8400000000000001	-6.291200000000001
-0.84	0.8800000000000001	-6.6720000000000015
-0.84	0.9199999999999999	-7.0527999999999995
-0.84	0.96	-7.4336
-0.84	1.0	-7.814399999999999
-0.8	-1.0	11.040000000000001
-0.8	-0.96	10.664
-0.8	-0.92	10.288
-0.8	-0.88	9.912
-0.8	-0.84	9.536
-0.8	-0.8	9.16
-0.8	-0.76	8.784
-0.8	-0.72	8.408000000000001
-0.8	-0.6799999999999999	8.032
-0.8	-0.64	7.656000000000001
-0.8	-0.6	7.28
-0.8	-0.56	6.904000000000001
-0.8	-0.52	6.5280000000000005
-0.8	-0.48	6.152
-0.8	-0.43999999999999995	5.776
-0.8	-0.4	5.4
-0.8	-0.36	5.024
-0.8	-0.31999999999999995	4.648
-0.8	-0.28	4.272
-0.8	-0.24	3.896
-0.8	-0.19999999999999996	3.5199999999999996
-0.8	-0.16000000000000003	3.144
-0.8	-0.12	2.7680000000000002
-0.8	-0.07999999999999996	2.392
-0.8	-0.040000000000000036	2.0160000000000005
-0.8	0.0	1.6400000000000001
-0.8	0.040000000000000036	1.2639999999999998
-0.8	0.08000000000000007	0.8879999999999995
-0.8	0.1200000000000001	0.5119999999999991
-0.8	0.15999999999999992	0.1360000000000008
-0.8	0.19999999999999996	-0.23999999999999955
-0.8	0.24	-0.6159999999999999
-0.8	0.28	-0.9920000000000002
-0.8	0.32000000000000006	-1.3680000000000003
-0.8	0.3600000000000001	-1.7440000000000007
-0.8	0.40000000000000013	-2.120000000000001
-0.8	0.43999999999999995	-2.4959999999999996
-0.8	0.48	-2.872
-0.8	0.52	-3.248
-0.8	0.56	-3.6240000000000006
-0.8	0.6000000000000001	-4.000000000000002
-0.8	0.6400000000000001	-4.376000000000001
-0.8	0.6799999999999999	-4.752
-0.8	0.72	-5.128
-0.8	0.76	-5.5040000000000004
-0.8	0.8	-5.880000000000001
-0.8	0.8400000000000001	-6.256000000000001
-0.8	0.8800000000000001	-6.6320000000000014
-0.8	0.9199999999999999	-7.007999999999999
-0.8	0.96	-7.384
-0.8	1.0	-7.76
-0.76	-1.0	10.8576
-0.76	-0.96	10.4864
-0.76	-0.92	10.115200000000002
-0.76	-0.88	9.744
-0.76	-0.84	9.3728
-0.76	-0.8	9.0016
-0.76	-0.76	8.6304
-0.76	-0.72	8.2592
-0.76	-0.6799999999999999	7.888
-0.76	-0.64	7.516800000000001
-0.76	-0.6	7.1456
-0.76	-0.56	6.7744
-0.76	-0.52	6.4032
-0.76	-0.48	6.032
-0.76	-0.43999999999999995	5.6608
-0.76	-0.4	5.2896
-0.76	-0.36	4.9184
-0.76	-0.31999999999999995	4.5472
-0.76	-0.28	4.176
-0.76	-0.24	3.8048
-0.76	-0.19999999999999996	3.4335999999999993
-0.76	-0.16000000000000003	3.0624000000000002
-0.76	-0.12	2.6912
-0.76	-0.07999999999999996	2.3199999999999994
-0.76	-0.040000000000000036	1.9488000000000003
-0.76	0.0	1.5776
-0.76	0.040000000000000036	1.2063999999999997
-0.76	0.08000000000000007	0.8351999999999993
-0.76	0.1200000000000001	0.46399999999999897
-0.76	0.15999999999999992	0.09280000000000066
-0.76	0.19999999999999996	-0.27839999999999954
-0.76	0.24	-0.6496
-0.76	0.28	-1.0208000000000004
-0.76	0.32000000000000006	-1.3920000000000003
-0.76	0.3600000000000001	-1.7632000000000008
-0.76	0.40000000000000013	-2.134400000000001
-0.76	0.43999999999999995	-2.5056
-0.76	0.48	-2.8768
-0.76	0.52	-3.248
-0.76	0.56	-3.6192
-0.76	0.6000000000000001	-3.990400000000001
-0.76	0.6400000000000001	-4.361600000000001
-0.76	0.6799999999999999	-4.7328
-0.76	0.72	-5.104
-0.76	0.76	-5.475200000000001
-0.76	0.8	-5.846400000000001
-0.76	0.8400000000000001	-6.217600000000001
-0.76	0.8800000000000001	-6.588800000000002
-0.76	0.9199999999999999	-6.959999999999999
-0.76	0.96	-7.331199999999999
-0.76	1.0	-7.702400000000001
-0.72	-1.0	10.6784
-0.72	-0.96	10.312
-0.72	-0.92	9.9456
-0.72	-0.88	9.5792
-0.72	-0.84	9.2128
-0.72	-0.8	8.846400000000001
-0.72	-0.76	8.48
-0.72	-0.72	8.1136
-0.72	-0.6799999999999999	7.747199999999999
-0.72	-0.64	7.380800000000001
-0.72	-0.6	7.0144
-0.72	-0.56	6.648000000000001
-0.72	-0.52	6.2816
-0.72	-0.48	5.9152
-0.72	-0.43999999999999995	5.5488
-0.72	-0.4	5.1824
-0.72	-0.36	4.816
-0.72	-0.31999999999999995	4.4496
-0.72	-0.28	4.083200000000001
-0.72	-0.24	3.7168
-0.72	-0.19999999999999996	3.3503999999999996
-0.72	-0.16000000000000003	2.984
-0.72	-0.12	2.6176
-0.72	-0.07999999999999996	2.2512
-0.72	-0.040000000000000036	1.8848000000000003
-0.72	0.0	1.5184
-0.72	0.040000000000000036	1.1519999999999997
-0.72	0.08000000000000007	0.7855999999999993
-0.72	0.1200000000000001	0.4191999999999989
-0.72	0.15999999999999992	0.052800000000000624
-0.72	0.19999999999999996	-0.31359999999999966
-0.72	0.24	-0.6799999999999999
-0.72	0.28	-1.0464000000000002
-0.72	0.32000000000000006	-1.4128000000000003
-0.72	0.3600000000000001	-1.7792000000000008
-0.72	0.40000000000000013	-2.145600000000001
-0.72	0.43999999999999995	-2.5119999999999996
-0.72	0.48	-2.8784
-0.72	0.52	-3.2448000000000006
-0.72	0.56	-3.6112
-0.72	0.6000000000000001	-3.9776000000000016
-0.72	0.6400000000000001	-4.344000000000001
-0.72	0.6799999999999999	-4.7104
-0.72	0.72	-5.0768
-0.72	0.76	-5.443200000000001
-0.72	0.8	-5.8096000000000005
-0.72	0.8400000000000001	-6.176000000000001
-0.72	0.8800000000000001	-6.5424000000000015
-0.72	0.9199999999999999	-6.908799999999999
-0.72	0.96	-7.2752
-0.72	1.0	-7.6416
-0.6799999999999999	-1.0	10.5024
-0.6799999999999999	-0.96	10.140799999999999
-0.6799999999999999	-0.92	9.7792
-0.6799999999999999	-0.88	9.4176
-0.6799999999999999	-0.84	9.056000000000001
-0.6799999999999999	-0.8	8.694400000000002
-0.6799999999999999	-0.76	8.3328
-0.6799999999999999	-0.72	7.9712
-0.6799999999999999	-0.6799999999999999	7.6095999999999995
-0.6799999999999999	-0.64	7.248
-0.6799999999999999	-0.6	6.8864
-0.6799999999999999	-0.56	6.524800000000001
-0.6799999999999999	-0.52	6.1632
-0.6799999999999999	-0.48	5.8016
-0.6799999999999999	-0.43999999999999995	5.4399999999999995
-0.6799999999999999	-0.4	5.0784
-0.6799999999999999	-0.36	4.7168
-0.6799999999999999	-0.31999999999999995	4.3552
-0.6799999999999999	-0.28	3.9936
-0.6799999999999999	-0.24	3.6319999999999997
-0.6799999999999999	-0.19999999999999996	3.2703999999999995
-0.6799999999999999	-0.16000000000000003	2.9088000000000003
-0.6799999999999999	-0.12	2.5472
-0.6799999999999999	-0.07999999999999996	2.1855999999999995
-0.6799999999999999	-0.040000000000000036	1.8240000000000003
-0.6799999999999999	0.0	1.4624
-0.6799999999999999	0.040000000000000036	1.1007999999999996
-0.6799999999999999	0.08000000000000007	0.7391999999999993
-0.6799999999999999	0.1200000000000001	0.37759999999999894
-0.6799999999999999	0.15999999999999992	0.01600000000000068
-0.6799999999999999	0.19999999999999996	-0.3455999999999997
-0.6799999999999999	0.24	-0.7072
-0.6799999999999999	0.28	-1.0688000000000004
-0.6799999999999999	0.32000000000000006	-1.4304000000000006
-0.6799999999999999	0.3600000000000001	-1.7920000000000007
-0.6799999999999999	0.40000000000000013	-2.153600000000001
-0.6799999999999999	0.43999999999999995	-2.5151999999999997
-0.6799999999999999	0.48	-2.8768
-0.6799999999999999	0.52	-3.2384000000000004
-0.6799999999999999	0.56	-3.6000000000000005
-0.6799999999999999	0.6000000000000001	-3.9616000000000016
-0.6799999999999999	0.6400000000000001	-4.323200000000001
-0.6799999999999999	0.6799999999999999	-4.6848
-0.6799999999999999	0.72	-5.0464
-0.6799999999999999	0.76	-5.408
-0.6799999999999999	0.8	-5.7696000000000005
-0.6799999999999999	0.8400000000000001	-6.1312000000000015
-0.6799999999999999	0.8800000000000001	-6.492800000000002
-0.6799999999999999	0.9199999999999999	-6.854399999999999
-0.6799999999999999	0.96	-7.215999999999999
-0.6799999999999999	1.0	-7.5776
-0.64	-1.0	10.3296
-0.64	-0.96	9.9728
-0.64	-0.92	9.616
-0.64	-0.88	9.2592
-0.64	-0.84	8.9024
-0.64	-0.8	8.5456
-0.64	-0.76	8.1888
-0.64	-0.72	7.832
-0.64	-0.6799999999999999	7.475199999999999
-0.64	-0.64	7.1184
-0.64	-0.6	6.7616
-0.64	-0.56	6.404800000000001
-0.64	-0.52	6.048
-0.64	-0.48	5.6912
-0.64	-0.43999999999999995	5.3344
-0.64	-0.4	4.977600000000001
-0.64	-0.36	4.6208
-0.64	-0.31999999999999995	4.263999999999999
-0.64	-0.28	3.9072000000000005
-0.64	-0.24	3.5504
-0.64	-0.19999999999999996	3.1935999999999996
-0.64	-0.16000000000000003	2.8368
-0.64	-0.12	2.48
-0.64	-0.07999999999999996	2.1231999999999998
-0.64	-0.040000000000000036	1.7664000000000004
-0.64	0.0	1.4096
-0.64	0.040000000000000036	1.0527999999999997
-0.64	0.08000000000000007	0.6959999999999994
-0.64	0.1200000000000001	0.33919999999999906
-0.64	0.15999999999999992	-0.017599999999999394
-0.64	0.19999999999999996	-0.3743999999999996
-0.64	0.24	-0.7311999999999999
-0.64	0.28	-1.088
-0.64	0.32000000000000006	-1.4448000000000003
-0.64	0.3600000000000001	-1.8016000000000005
-0.64	0.40000000000000013	-2.1584000000000008
-0.64	0.43999999999999995	-2.5151999999999997
-0.64	0.48	-2.872
-0.64	0.52	-3.2287999999999997
-0.64	0.56	-3.5856000000000003
-0.64	0.6000000000000001	-3.942400000000001
-0.64	0.6400000000000001	-4.299200000000001
-0.64	0.6799999999999999	-4.656
-0.64	0.72	-5.0128
-0.64	0.76	-5.3696
-0.64	0.8	-5.726400000000001
-0.64	0.8400000000000001	-6.083200000000001
-0.64	0.8800000000000001	-6.440000000000001
-0.64	0.9199999999999999	-6.796799999999999
-0.64	0.96	-7.153599999999999
-0.64	1.0	-7.510400000000001
-0.6	-1.0	10.16
-0.6	-0.96	9.808
-0.6	-0.92	9.456
-0.6	-0.88	9.104
-0.6	-0.84	8.751999999999999
-0.6	-0.8	8.4
-0.6	-0.76	8.048
-0.6	-0.72	7.696
-0.6	-0.6799999999999999	7.343999999999999
-0.6	-0.64	6.992000000000001
-0.6	-0.6	6.640000000000001
-0.6	-0.56	6.288
-0.6	-0.52	5.936
-0.6	-0.48	5.584
-0.6	-0.43999999999999995	5.231999999999999
-0.6	-0.4	4.880000000000001
-0.6	-0.36	4.5280000000000005
-0.6	-0.31999999999999995	4.176
-0.6	-0.28	3.8240000000000003
-0.6	-0.24	3.472
-0.6	-0.19999999999999996	3.1199999999999997
-0.6	-0.16000000000000003	2.7680000000000002
-0.6	-0.12	2.416
-0.6	-0.07999999999999996	2.0639999999999996
-0.6	-0.040000000000000036	1.7120000000000002
-0.6	0.0	1.3599999999999999
-0.6	0.040000000000000036	1.0079999999999996
-0.6	0.08000000000000007	0.6559999999999994
-0.6	0.1200000000000001	0.30399999999999905
-0.6	0.15999999999999992	-0.047999999999999154
-0.6	0.19999999999999996	-0.39999999999999947
-0.6	0.24	-0.7519999999999998
-0.6	0.28	-1.104
-0.6	0.32000000000000006	-1.4560000000000004
-0.6	0.3600000000000001	-1.8080000000000007
-0.6	0.40000000000000013	-2.160000000000001
-0.6	0.43999999999999995	-2.5119999999999996
-0.6	0.48	-2.864
-0.6	0.52	-3.216
-0.6	0.56	-3.5680000000000005
-0.6	0.6000000000000001	-3.920000000000001
-0.6	0.6400000000000001	-4.272
-0.6	0.6799999999999999	-4.624
-0.6	0.72	-4.976
-0.6	0.76	-5.328
-0.6	0.8	-5.680000000000001
-0.6	0.8400000000000001	-6.032000000000001
-0.6	0.8800000000000001	-6.384000000000001
-0.6	0.9199999999999999	-6.735999999999999
-0.6	0.96	-7.087999999999999
-0.6	1.0	-7.4399999999999995
-0.56	-1.0	9.9936
-0.56	-0.96	9.6464
-0.56	-0.92	9.2992
-0.56	-0.88	8.952
-0.56	-0.84	8.604800000000001
-0.56	-0.8	8.2576
-0.56	-0.76	7.910400000000001
-0.56	-0.72	7.5632
-0.56	-0.6799999999999999	7.216
-0.56	-0.64	6.8688
-0.56	-0.6	6.5216
-0.56	-0.56	6.1744
-0.56	-0.52	5.8272
-0.56	-0.48	5.48
-0.56	-0.43999999999999995	5.1328
-0.56	-0.4	4.7856000000000005
-0.56	-0.36	4.4384
-0.56	-0.31999999999999995	4.0912
-0.56	-0.28	3.744
-0.56	-0.24	3.3968
-0.56	-0.19999999999999996	3.0496
-0.56	-0.16000000000000003	2.7024000000000004
-0.56	-0.12	2.3552
-0.56	-0.07999999999999996	2.0079999999999996
-0.56	-0.040000000000000036	1.6608000000000005
-0.56	0.0	1.3136
-0.56	0.040000000000000036	0.9663999999999997
-0.56	0.08000000000000007	0.6191999999999994
-0.56	0.1200000000000001	0.27199999999999913
-0.56	0.15999999999999992	-0.07519999999999927
-0.56	0.19999999999999996	-0.42239999999999966
-0.56	0.24	-0.7695999999999998
-0.56	0.28	-1.1168000000000005
-0.56	0.32000000000000006	-1.4640000000000004
-0.56	0.3600000000000001	-1.8112000000000008
-0.56	0.40000000000000013	-2.1584000000000008
-0.56	0.43999999999999995	-2.5055999999999994
-0.56	0.48	-2.8528
-0.56	0.52	-3.2
-0.56	0.56	-3.5472
-0.56	0.6000000000000001	-3.894400000000001
-0.56	0.6400000000000001	-4.241600000000001
-0.56	0.6799999999999999	-4.5888
-0.56	0.72	-4.936
-0.56	0.76	-5.283200000000001
-0.56	0.8	-5.630400000000001
-0.56	0.8400000000000001	-5.977600000000001
-0.56	0.8800000000000001	-6.3248000000000015
-0.56	0.9199999999999999	-6.672
-0.56	0.96	-7.0192
-0.56	1.0	-7.3664000000000005
-0.52	-1.0	9.830400000000001
-0.52	-0.96	9.488
-0.52	-0.92	9.1456
-0.52	-0.88	8.8032
-0.52	-0.84	8.460799999999999
-0.52	-0.8	8.118400000000001
-0.52	-0.76	7.776
-0.52	-0.72	7.4336
-0.52	-0.6799999999999999	7.0912
-0.52	-0.64	6.748800000000001
-0.52	-0.6	6.4064
-0.52	-0.56	6.064
-0.52	-0.52	5.7216000000000005
-0.52	-0.48	5.3792
-0.52	-0.43999999999999995	5.0367999999999995
-0.52	-0.4	4.6944
-0.52	-0.36	4.352
-0.52	-0.31999999999999995	4.0096
-0.52	-0.28	3.6672000000000002
-0.52	-0.24	3.3247999999999998
-0.52	-0.19999999999999996	2.9823999999999997
-0.52	-0.16000000000000003	2.64
-0.52	-0.12	2.2976
-0.52	-0.07999999999999996	1.9551999999999996
-0.52	-0.040000000000000036	1.6128000000000005
-0.52	0.0	1.2704
-0.52	0.040000000000000036	0.9279999999999997
-0.52	0.08000000000000007	0.5855999999999995
-0.52	0.1200000000000001	0.24319999999999908
-0.52	0.15999999999999992	-0.09919999999999929
-0.52	0.19999999999999996	-0.44159999999999955
-0.52	0.24	-0.7839999999999998
-0.52	0.28	-1.1264000000000003
-0.52	0.32000000000000006	-1.4688000000000003
-0.52	0.3600000000000001	-1.8112000000000008
-0.52	0.40000000000000013	-2.153600000000001
-0.52	0.43999999999999995	-2.4959999999999996
-0.52	0.48	-2.8384
-0.52	0.52	-3.1807999999999996
-0.52	0.56	-3.523200000000001
-0.52	0.6000000000000001	-3.8656000000000015
-0.52	0.6400000000000001	-4.208
-0.52	0.6799999999999999	-4.5504
-0.52	0.72	-4.8928
-0.52	0.76	-5.235200000000001
-0.52	0.8	-5.5776
-0.52	0.8400000000000001	-5.920000000000001
-0.52	0.8800000000000001	-6.262400000000001
-0.52	0.9199999999999999	-6.604799999999999
-0.52	0.96	-6.9472
-0.52	1.0	-7.2896
-0.48	-1.0	9.6704
-0.48	-0.96	9.332799999999999
-0.48	-0.92	8.9952
-0.48	-0.88	8.6576
-0.48	-0.84	8.32
-0.48	-0.8	7.9824
-0.48	-0.76	7.6448
-0.48	-0.72	7.3072
-0.48	-0.6799999999999999	6.9696
-0.48	-0.64	6.632000000000001
-0.48	-0.6	6.2944
-0.48	-0.56	5.9568
-0.48	-0.52	5.6192
-0.48	-0.48	5.2816
-0.48	-0.43999999999999995	4.943999999999999
-0.48	-0.4	4.606400000000001
-0.48	-0.36	4.2688
-0.48	-0.31999999999999995	3.9311999999999996
-0.48	-0.28	3.5936000000000003
-0.48	-0.24	3.256
-0.48	-0.19999999999999996	2.9183999999999997
-0.48	-0.16000000000000003	2.5808
-0.48	-0.12	2.2432
-0.48	-0.07999999999999996	1.9055999999999997
-0.48	-0.040000000000000036	1.5680000000000003
-0.48	0.0	1.2304
-0.48	0.040000000000000036	0.8927999999999997
-0.48	0.08000000000000007	0.5551999999999995
-0.48	0.1200000000000001	0.21759999999999913
-0.48	0.15999999999999992	-0.11999999999999922
-0.48	0.19999999999999996	-0.45759999999999956
-0.48	0.24	-0.7951999999999999
-0.48	0.28	-1.1328
-0.48	0.32000000000000006	-1.4704000000000002
-0.48	0.3600000000000001	-1.8080000000000007
-0.48	0.40000000000000013	-2.145600000000001
-0.48	0.43999999999999995	-2.4831999999999996
-0.48	0.48	-2.8207999999999998
-0.48	0.52	-3.1584000000000003
-0.48	0.56	-3.4960000000000004
-0.48	0.6000000000000001	-3.8336000000000015
-0.48	0.6400000000000001	-4.171200000000001
-0.48	0.6799999999999999	-4.5088
-0.48	0.72	-4.8464
-0.48	0.76	-5.184
-0.48	0.8	-5.5216
-0.48	0.8400000000000001	-5.859200000000001
-0.48	0.8800000000000001	-6.196800000000001
-0.48	0.9199999999999999	-6.5344
-0.48	0.96	-6.872
-0.48	1.0	-7.2096
-0.43999999999999995	-1.0	9.5136
-0.43999999999999995	-0.96	9.1808
-0.43999999999999995	-0.92	8.848
-0.43999999999999995	-0.88	8.5152
-0.43999999999999995	-0.84	8.1824
-0.43999999999999995	-0.8	7.849600000000001
-0.43999999999999995	-0.76	7.5168
-0.43999999999999995	-0.72	7.183999999999999
-0.43999999999999995	-0.6799999999999999	6.8511999999999995
-0.43999999999999995	-0.64	6.5184
-0.43999999999999995	-0.6	6.1856
-0.43999999999999995	-0.56	5.8528
-0.43999999999999995	-0.52	5.52
-0.43999999999999995	-0.48	5.1872
-0.43999999999999995	-0.43999999999999995	4.8544
-0.43999999999999995	-0.4	4.5216
-0.43999999999999995	-0.36	4.1888
-0.43999999999999995	-0.31999999999999995	3.856
-0.43999999999999995	-0.28	3.5232
-0.43999999999999995	-0.24	3.1904
-0.43999999999999995	-0.19999999999999996	2.8575999999999997
-0.43999999999999995	-0.16000000000000003	2.5248
-0.43999999999999995	-0.12	2.192
-0.43999999999999995	-0.07999999999999996	1.8591999999999995
-0.43999999999999995	-0.040000000000000036	1.5264000000000002
-0.43999999999999995	0.0	1.1936
-0.43999999999999995	0.040000000000000036	0.8607999999999997
-0.43999999999999995	0.08000000000000007	0.5279999999999994
-0.43999999999999995	0.1200000000000001	0.19519999999999915
-0.43999999999999995	0.15999999999999992	-0.13759999999999928
-0.43999999999999995	0.19999999999999996	-0.4703999999999997
-0.43999999999999995	0.24	-0.8031999999999999
-0.43999999999999995	0.28	-1.1360000000000001
-0.43999999999999995	0.32000000000000006	-1.4688000000000003
-0.43999999999999995	0.3600000000000001	-1.8016000000000005
-0.43999999999999995	0.40000000000000013	-2.1344000000000007
-0.43999999999999995	0.43999999999999995	-2.4671999999999996
-0.43999999999999995	0.48	-2.8
-0.43999999999999995	0.52	-3.1327999999999996
-0.43999999999999995	0.56	-3.4656000000000002
-0.43999999999999995	0.6000000000000001	-3.798400000000001
-0.43999999999999995	0.6400000000000001	-4.131200000000001
-0.43999999999999995	0.6799999999999999	-4.4639999999999995
-0.43999999999999995	0.72	-4.7968
-0.43999999999999995	0.76	-5.1296
-0.43999999999999995	0.8	-5.462400000000001
-0.43999999999999995	0.8400000000000001	-5.795200000000001
-0.43999999999999995	0.8800000000000001	-6.128000000000001
-0.43999999999999995	0.9199999999999999	-6.460799999999999
-0.43999999999999995	0.96	-6.7936
-0.43999999999999995	1.0	-7.1264
-0.4	-1.0	9.36
-0.4	-0.96	9.032
-0.4	-0.92	8.704
-0.4	-0.88	8.376000000000001
-0.4	-0.84	8.048
-0.4	-0.8	7.720000000000001
-0.4	-0.76	7.392
-0.4	-0.72	7.064
-0.4	-0.6799999999999999	6.736
-0.4	-0.64	6.408
-0.4	-0.6	6.08
-0.4	-0.56	5.752000000000001
-0.4	-0.52	5.424
-0.4	-0.48	5.096
-0.4	-0.43999999999999995	4.768
-0.4	-0.4	4.44
-0.4	-0.36	4.112
-0.4	-0.31999999999999995	3.784
-0.4	-0.28	3.4560000000000004
-0.4	-0.24	3.128
-0.4	-0.19999999999999996	2.8
-0.4	-0.16000000000000003	2.4720000000000004
-0.4	-0.12	2.144
-0.4	-0.07999999999999996	1.8159999999999998
-0.4	-0.040000000000000036	1.4880000000000004
-0.4	0.0	1.1600000000000001
-0.4	0.040000000000000036	0.8319999999999997
-0.4	0.08000000000000007	0.5039999999999994
-0.4	0.1200000000000001	0.17599999999999916
-0.4	0.15999999999999992	-0.15199999999999925
-0.4	0.19999999999999996	-0.47999999999999954
-0.4	0.24	-0.8079999999999998
-0.4	0.28	-1.1360000000000001
-0.4	0.32000000000000006	-1.4640000000000004
-0.4	0.3600000000000001	-1.7920000000000007
-0.4	0.40000000000000013	-2.120000000000001
-0.4	0.43999999999999995	-2.4479999999999995
-0.4	0.48	-2.776
-0.4	0.52	-3.104
-0.4	0.56	-3.4320000000000004
-0.4	0.6000000000000001	-3.7600000000000016
-0.4	0.6400000000000001	-4.088000000000001
-0.4	0.6799999999999999	-4.4159999999999995
-0.4	0.72	-4.744
-0.4	0.76	-5.072
-0.4	0.8	-5.4
-0.4	0.8400000000000001	-5.728000000000001
-0.4	0.8800000000000001	-6.056000000000001
-0.4	0.9199999999999999	-6.3839999999999995
-0.4	0.96	-6.712
-0.4	1.0	-7.039999999999999
-0.36	-1.0	9.2096
-0.36	-0.96	8.8864
-0.36	-0.92	8.5632
-0.36	-0.88	8.24
-0.36	-0.84	7.9168
-0.36	-0.8	7.5936
-0.36	-0.76	7.2704
-0.36	-0.72	6.9472000000000005
-0.36	-0.6799999999999999	6.624
-0.36	-0.64	6.300800000000001
-0.36	-0.6	5.977600000000001
-0.36	-0.56	5.654400000000001
-0.36	-0.52	5.3312
-0.36	-0.48	5.008
-0.36	-0.43999999999999995	4.684799999999999
-0.36	-0.4	4.3616
-0.36	-0.36	4.0384
-0.36	-0.31999999999999995	3.7152
-0.36	-0.28	3.3920000000000003
-0.36	-0.24	3.0688
-0.36	-0.19999999999999996	2.7455999999999996
-0.36	-0.16000000000000003	2.4224
-0.36	-0.12	2.0991999999999997
-0.36	-0.07999999999999996	1.7759999999999998
-0.36	-0.040000000000000036	1.4528000000000003
-0.36	0.0	1.1296
-0.36	0.040000000000000036	0.8063999999999997
-0.36	0.08000000000000007	0.4831999999999994
-0.36	0.1200000000000001	0.15999999999999914
-0.36	0.15999999999999992	-0.16319999999999935
-0.36	0.19999999999999996	-0.4863999999999997
-0.36	0.24	-0.8095999999999999
-0.36	0.28	-1.1328000000000005
-0.36	0.32000000000000006	-1.4560000000000004
-0.36	0.3600000000000001	-1.7792000000000008
-0.36	0.40000000000000013	-2.1024000000000007
-0.36	0.43999999999999995	-2.4255999999999998
-0.36	0.48	-2.7487999999999997
-0.36	0.52	-3.072
-0.36	0.56	-3.395200000000001
-0.36	0.6000000000000001	-3.718400000000001
-0.36	0.6400000000000001	-4.041600000000001
-0.36	0.6799999999999999	-4.3648
-0.36	0.72	-4.688000000000001
-0.36	0.76	-5.0112000000000005
-0.36	0.8	-5.3344000000000005
-0.36	0.8400000000000001	-5.6576
-0.36	0.8800000000000001	-5.980800000000001
-0.36	0.9199999999999999	-6.303999999999999
-0.36	0.96	-6.6272
-0.36	1.0	-6.9504
-0.31999999999999995	-1.0	9.0624
-0.31999999999999995	-0.96	8.744
-0.31999999999999995	-0.92	8.4256
-0.31999999999999995	-0.88	8.107199999999999
-0.31999999999999995	-0.84	7.7888
-0.31999999999999995	-0.8	7.470400000000001
-0.31999999999999995	-0.76	7.152
-0.31999999999999995	-0.72	6.8336
-0.31999999999999995	-0.6799999999999999	6.515199999999999
-0.31999999999999995	-0.64	6.1968000000000005
-0.31999999999999995	-0.6	5.8784
-0.31999999999999995	-0.56	5.5600000000000005
-0.31999999999999995	-0.52	5.2416
-0.31999999999999995	-0.48	4.9232
-0.31999999999999995	-0.43999999999999995	4.604799999999999
-0.31999999999999995	-0.4	4.2864
-0.31999999999999995	-0.36	3.968
-0.31999999999999995	-0.31999999999999995	3.6495999999999995
-0.31999999999999995	-0.28	3.3312
-0.31999999999999995	-0.24	3.0128
-0.31999999999999995	-0.19999999999999996	2.6943999999999995
-0.31999999999999995	-0.16000000000000003	2.3760000000000003
-0.31999999999999995	-0.12	2.0576
-0.31999999999999995	-0.07999999999999996	1.7391999999999996
-0.31999999999999995	-0.040000000000000036	1.4208000000000003
-0.31999999999999995	0.0	1.1024
-0.31999999999999995	0.040000000000000036	0.7839999999999997
-0.31999999999999995	0.08000000000000007	0.46559999999999935
-0.31999999999999995	0.1200000000000001	0.1471999999999991
-0.31999999999999995	0.15999999999999992	-0.17119999999999935
-0.31999999999999995	0.19999999999999996	-0.4895999999999996
-0.31999999999999995	0.24	-0.8079999999999998
-0.31999999999999995	0.28	-1.1264000000000003
-0.31999999999999995	0.32000000000000006	-1.4448000000000003
-0.31999999999999995	0.3600000000000001	-1.7632000000000003
-0.31999999999999995	0.40000000000000013	-2.081600000000001
-0.31999999999999995	0.43999999999999995	-2.3999999999999995
-0.31999999999999995	0.48	-2.7184
-0.31999999999999995	0.52	-3.0368000000000004
-0.31999999999999995	0.56	-3.3552
-0.31999999999999995	0.6000000000000001	-3.6736000000000013
-0.31999999999999995	0.6400000000000001	-3.992000000000001
-0.31999999999999995	0.6799999999999999	-4.3104
-0.31999999999999995	0.72	-4.6288
-0.31999999999999995	0.76	-4.9472000000000005
-0.31999999999999995	0.8	-5.265600000000001
-0.31999999999999995	0.8400000000000001	-5.5840000000000005
-0.31999999999999995	0.8800000000000001	-5.902400000000001
-0.31999999999999995	0.9199999999999999	-6.2208
-0.31999999999999995	0.96	-6.539199999999999
-0.31999999999999995	1.0	-6.8576
-0.28	-1.0	8.9184
-0.28	-0.96	8.604800000000001
-0.28	-0.92	8.2912
-0.28	-0.88	7.977600000000001
-0.28	-0.84	7.664
-0.28	-0.8	7.3504000000000005
-0.28	-0.76	7.0368
-0.28	-0.72	6.7232
-0.28	-0.6799999999999999	6.4096
-0.28	-0.64	6.096
-0.28	-0.6	5.7824
-0.28	-0.56	5.468800000000001
-0.28	-0.52	5.155200000000001
-0.28	-0.48	4.8416
-0.28	-0.43999999999999995	4.528
-0.28	-0.4	4.2144
-0.28	-0.36	3.9008000000000003
-0.28	-0.31999999999999995	3.5871999999999997
-0.28	-0.28	3.2736
-0.28	-0.24	2.96
-0.28	-0.19999999999999996	2.6464
-0.28	-0.16000000000000003	2.3328
-0.28	-0.12	2.0192
-0.28	-0.07999999999999996	1.7055999999999996
-0.28	-0.040000000000000036	1.3920000000000003
-0.28	0.0	1.0784
-0.28	0.040000000000000036	0.7647999999999997
-0.28	0.08000000000000007	0.4511999999999995
-0.28	0.1200000000000001	0.13759999999999917
-0.28	0.15999999999999992	-0.17599999999999927
-0.28	0.19999999999999996	-0.4895999999999996
-0.28	0.24	-0.8031999999999999
-0.28	0.28	-1.1168000000000005
-0.28	0.32000000000000006	-1.4304000000000001
-0.28	0.3600000000000001	-1.7440000000000007
-0.28	0.40000000000000013	-2.0576000000000008
-0.28	0.43999999999999995	-2.3711999999999995
-0.28	0.48	-2.6848
-0.28	0.52	-2.9984
-0.28	0.56	-3.3120000000000003
-0.28	0.6000000000000001	-3.6256000000000013
-0.28	0.6400000000000001	-3.9392000000000005
-0.28	0.6799999999999999	-4.2528
-0.28	0.72	-4.5664
-0.28	0.76	-4.880000000000001
-0.28	0.8	-5.193600000000001
-0.28	0.8400000000000001	-5.507200000000001
-0.28	0.8800000000000001	-5.820800000000001
-0.28	0.9199999999999999	-6.134399999999999
-0.28	0.96	-6.4479999999999995
-0.28	1.0	-6.7616
-0.24	-1.0	8.7776
-0.24	-0.96	8.4688
-0.24	-0.92	8.16
-0.24	-0.88	7.8512
-0.24	-0.84	7.5424
-0.24	-0.8	7.233600000000001
-0.24	-0.76	6.9248
-0.24	-0.72	6.616
-0.24	-0.6799999999999999	6.3072
-0.24	-0.64	5.9984
-0.24	-0.6	5.6896
-0.24	-0.56	5.380800000000001
-0.24	-0.52	5.072
-0.24	-0.48	4.763199999999999
-0.24	-0.43999999999999995	4.4544
-0.24	-0.4	4.1456
-0.24	-0.36	3.8368
-0.24	-0.31999999999999995	3.5279999999999996
-0.24	-0.28	3.2192000000000003
-0.24	-0.24	2.9104
-0.24	-0.19999999999999996	2.6015999999999995
-0.24	-0.16000000000000003	2.2928
-0.24	-0.12	1.984
-0.24	-0.07999999999999996	1.6751999999999998
-0.24	-0.040000000000000036	1.3664000000000003
-0.24	0.0	1.0576
-0.24	0.040000000000000036	0.7487999999999997
-0.24	0.08000000000000007	0.4399999999999995
-0.24	0.1200000000000001	0.1311999999999992
-0.24	0.15999999999999992	-0.17759999999999931
-0.24	0.19999999999999996	-0.4863999999999997
-0.24	0.24	-0.7951999999999999
-0.24	0.28	-1.104
-0.24	0.32000000000000006	-1.4128000000000003
-0.24	0.3600000000000001	-1.7216000000000005
-0.24	0.40000000000000013	-2.0304000000000006
-0.24	0.43999999999999995	-2.3391999999999995
-0.24	0.48	-2.6479999999999997
-0.24	0.52	-2.9568000000000003
-0.24	0.56	-3.2656
-0.24	0.6000000000000001	-3.5744000000000007
-0.24	0.6400000000000001	-3.8832000000000004
-0.24	0.6799999999999999	-4.192
-0.24	0.72	-4.5008
-0.24	0.76	-4.8096000000000005
-0.24	0.8	-5.1184
-0.24	0.8400000000000001	-5.427200000000001
-0.24	0.8800000000000001	-5.736000000000001
-0.24	0.9199999999999999	-6.0447999999999995
-0.24	0.96	-6.3536
-0.24	1.0	-6.6624
-0.19999999999999996	-1.0	8.64
-0.19999999999999996	-0.96	8.335999999999999
-0.19999999999999996	-0.92	8.032
-0.19999999999999996	-0.88	7.728
-0.19999999999999996	-0.84	7.4239999999999995
-0.19999999999999996	-0.8	7.12
-0.19999999999999996	-0.76	6.816
-0.19999999999999996	-0.72	6.512
-0.19999999999999996	-0.6799999999999999	6.207999999999999
-0.19999999999999996	-0.64	5.904
-0.19999999999999996	-0.6	5.6
-0.19999999999999996	-0.56	5.296
-0.19999999999999996	-0.52	4.992
-0.19999999999999996	-0.48	4.688
-0.19999999999999996	-0.43999999999999995	4.3839999999999995
-0.19999999999999996	-0.4	4.08
-0.19999999999999996	-0.36	3.776
-0.19999999999999996	-0.31999999999999995	3.4719999999999995
-0.19999999999999996	-0.28	3.168
-0.19999999999999996	-0.24	2.864
-0.19999999999999996	-0.19999999999999996	2.5599999999999996
-0.19999999999999996	-0.16000000000000003	2.2560000000000002
-0.19999999999999996	-0.12	1.952
-0.19999999999999996	-0.07999999999999996	1.6479999999999997
-0.19999999999999996	-0.040000000000000036	1.3440000000000003
-0.19999999999999996	0.0	1.04
-0.19999999999999996	0.040000000000000036	0.7359999999999998
-0.19999999999999996	0.08000000000000007	0.4319999999999995
-0.19999999999999996	0.1200000000000001	0.12799999999999923
-0.19999999999999996	0.15999999999999992	-0.1759999999999995
-0.19999999999999996	0.19999999999999996	-0.47999999999999954
-0.19999999999999996	0.24	-0.7839999999999998
-0.19999999999999996	0.28	-1.088
-0.19999999999999996	0.32000000000000006	-1.3920000000000003
-0.19999999999999996	0.3600000000000001	-1.6960000000000006
-0.19999999999999996	0.40000000000000013	-2.000000000000001
-0.19999999999999996	0.43999999999999995	-2.3039999999999994
-0.19999999999999996	0.48	-2.6079999999999997
-0.19999999999999996	0.52	-2.912
-0.19999999999999996	0.56	-3.216
-0.19999999999999996	0.6000000000000001	-3.5200000000000014
-0.19999999999999996	0.6400000000000001	-3.8240000000000007
-0.19999999999999996	0.6799999999999999	-4.128
-0.19999999999999996	0.72	-4.432
-0.19999999999999996	0.76	-4.736000000000001
-0.19999999999999996	0.8	-5.040000000000001
-0.19999999999999996	0.8400000000000001	-5.344
-0.19999999999999996	0.8800000000000001	-5.648000000000001
-0.19999999999999996	0.9199999999999999	-5.951999999999999
-0.19999999999999996	0.96	-6.255999999999999
-0.19999999999999996	1.0	-6.56
-0.16000000000000003	-1.0	8.505600000000001
-0.16000000000000003	-0.96	8.206399999999999
-0.16000000000000003	-0.92	7.9072000000000005
-0.16000000000000003	-0.88	7.6080000000000005
-0.16000000000000003	-0.84	7.3088
-0.16000000000000003	-0.8	7.009600000000001
-0.16000000000000003	-0.76	6.7104
-0.16000000000000003	-0.72	6.4112
-0.16000000000000003	-0.6799999999999999	6.112
-0.16000000000000003	-0.64	5.8128
-0.16000000000000003	-0.6	5.5136
-0.16000000000000003	-0.56	5.2144
-0.16000000000000003	-0.52	4.9152000000000005
-0.16000000000000003	-0.48	4.616
-0.16000000000000003	-0.43999999999999995	4.3168
-0.16000000000000003	-0.4	4.0176
-0.16000000000000003	-0.36	3.7184
-0.16000000000000003	-0.31999999999999995	3.4192
-0.16000000000000003	-0.28	3.12
-0.16000000000000003	-0.24	2.8208
-0.16000000000000003	-0.19999999999999996	2.5215999999999994
-0.16000000000000003	-0.16000000000000003	2.2224000000000004
-0.16000000000000003	-0.12	1.9232
-0.16000000000000003	-0.07999999999999996	1.6239999999999997
-0.16000000000000003	-0.040000000000000036	1.3248000000000002
-0.16000000000000003	0.0	1.0256
-0.16000000000000003	0.040000000000000036	0.7263999999999997
-0.16000000000000003	0.08000000000000007	0.42719999999999947
-0.16000000000000003	0.1200000000000001	0.12799999999999923
-0.16000000000000003	0.15999999999999992	-0.17119999999999935
-0.16000000000000003	0.19999999999999996	-0.4703999999999997
-0.16000000000000003	0.24	-0.7696000000000001
-0.16000000000000003	0.28	-1.0688000000000004
-0.16000000000000003	0.32000000000000006	-1.3680000000000003
-0.16000000000000003	0.3600000000000001	-1.6672000000000007
-0.16000000000000003	0.40000000000000013	-1.966400000000001
-0.16000000000000003	0.43999999999999995	-2.2655999999999996
-0.16000000000000003	0.48	-2.5648
-0.16000000000000003	0.52	-2.8640000000000003
-0.16000000000000003	0.56	-3.1632000000000007
-0.16000000000000003	0.6000000000000001	-3.4624000000000015
-0.16000000000000003	0.6400000000000001	-3.7616000000000005
-0.16000000000000003	0.6799999999999999	-4.0607999999999995
-0.16000000000000003	0.72	-4.36
-0.16000000000000003	0.76	-4.6592
-0.16000000000000003	0.8	-4.958400000000001
-0.16000000000000003	0.8400000000000001	-5.257600000000001
-0.16000000000000003	0.8800000000000001	-5.556800000000001
-0.16000000000000003	0.9199999999999999	-5.856
-0.16000000000000003	0.96	-6.1552
-0.16000000000000003	1.0	-6.4544
-0.12	-1.0	8.3744
-0.12	-0.96	8.08
-0.12	-0.92	7.7856000000000005
-0.12	-0.88	7.4912
-0.12	-0.84	7.1968
-0.12	-0.8	6.9024
-0.12	-0.76	6.6080000000000005
-0.12	-0.72	6.3136
-0.12	-0.6799999999999999	6.0192
-0.12	-0.64	5.7248
-0.12	-0.6	5.430400000000001
-0.12	-0.56	5.136
-0.12	-0.52	4.8416
-0.12	-0.48	4.5472
-0.12	-0.43999999999999995	4.2528
-0.12	-0.4	3.9584
-0.12	-0.36	3.664
-0.12	-0.31999999999999995	3.3695999999999997
-0.12	-0.28	3.0752
-0.12	-0.24	2.7808
-0.12	-0.19999999999999996	2.4863999999999997
-0.12	-0.16000000000000003	2.192
-0.12	-0.12	1.8976
-0.12	-0.07999999999999996	1.6031999999999997
-0.12	-0.040000000000000036	1.3088000000000002
-0.12	0.0	1.0144
-0.12	0.040000000000000036	0.7199999999999998
-0.12	0.08000000000000007	0.42559999999999953
-0.12	0.1200000000000001	0.1311999999999992
-0.12	0.15999999999999992	-0.16319999999999935
-0.12	0.19999999999999996	-0.4575999999999998
-0.12	0.24	-0.752
-0.12	0.28	-1.0464000000000002
-0.12	0.32000000000000006	-1.3408000000000002
-0.12	0.3600000000000001	-1.6352000000000007
-0.12	0.40000000000000013	-1.9296000000000006
-0.12	0.43999999999999995	-2.2239999999999998
-0.12	0.48	-2.5183999999999997
-0.12	0.52	-2.8128
-0.12	0.56	-3.1072000000000006
-0.12	0.6000000000000001	-3.401600000000001
-0.12	0.6400000000000001	-3.6960000000000006
-0.12	0.6799999999999999	-3.9904
-0.12	0.72	-4.2848
-0.12	0.76	-4.5792
-0.12	0.8	-4.873600000000001
-0.12	0.8400000000000001	-5.168000000000001
-0.12	0.8800000000000001	-5.462400000000001
-0.12	0.9199999999999999	-5.756799999999999
-0.12	0.96	-6.0512
-0.12	1.0	-6.3456
-0.07999999999999996	-1.0	8.2464
-0.07999999999999996	-0.96	7.956799999999999
-0.07999999999999996	-0.92	7.6672
-0.07999999999999996	-0.88	7.3776
-0.07999999999999996	-0.84	7.088
-0.07999999999999996	-0.8	6.798400000000001
-0.07999999999999996	-0.76	6.5088
-0.07999999999999996	-0.72	6.2192
-0.07999999999999996	-0.6799999999999999	5.9296
-0.07999999999999996	-0.64	5.640000000000001
-0.07999999999999996	-0.6	5.3504000000000005
-0.07999999999999996	-0.56	5.0608
-0.07999999999999996	-0.52	4.7712
-0.07999999999999996	-0.48	4.4816
-0.07999999999999996	-0.43999999999999995	4.192
-0.07999999999999996	-0.4	3.9024
-0.07999999999999996	-0.36	3.6128
-0.07999999999999996	-0.31999999999999995	3.3232
-0.07999999999999996	-0.28	3.0336000000000003
-0.07999999999999996	-0.24	2.7439999999999998
-0.07999999999999996	-0.19999999999999996	2.4543999999999997
-0.07999999999999996	-0.16000000000000003	2.1648
-0.07999999999999996	-0.12	1.8752
-0.07999999999999996	-0.07999999999999996	1.5855999999999997
-0.07999999999999996	-0.040000000000000036	1.2960000000000003
-0.07999999999999996	0.0	1.0064
-0.07999999999999996	0.040000000000000036	0.7167999999999997
-0.07999999999999996	0.08000000000000007	0.42719999999999947
-0.07999999999999996	0.1200000000000001	0.13759999999999928
-0.07999999999999996	0.15999999999999992	-0.15199999999999947
-0.07999999999999996	0.19999999999999996	-0.44159999999999977
-0.07999999999999996	0.24	-0.7311999999999999
-0.07999999999999996	0.28	-1.0208000000000004
-0.07999999999999996	0.32000000000000006	-1.3104
-0.07999999999999996	0.3600000000000001	-1.6000000000000005
-0.07999999999999996	0.40000000000000013	-1.8896000000000006
-0.07999999999999996	0.43999999999999995	-2.1791999999999994
-0.07999999999999996	0.48	-2.4688
-0.07999999999999996	0.52	-2.7584
-0.07999999999999996	0.56	-3.048
-0.07999999999999996	0.6000000000000001	-3.337600000000001
-0.07999999999999996	0.6400000000000001	-3.6272
-0.07999999999999996	0.6799999999999999	-3.9167999999999994
-0.07999999999999996	0.72	-4.2064
-0.07999999999999996	0.76	-4.496
-0.07999999999999996	0.8	-4.7856000000000005
-0.07999999999999996	0.8400000000000001	-5.075200000000001
-0.07999999999999996	0.8800000000000001	-5.364800000000001
-0.07999999999999996	0.9199999999999999	-5.654399999999999
-0.07999999999999996	0.96	-5.944
-0.07999999999999996	1.0	-6.2336
-0.040000000000000036	-1.0	8.1216
-0.040000000000000036	-0.96	7.8368
-0.040000000000000036	-0.92	7.5520000000000005
-0.040000000000000036	-0.88	7.2672
-0.040000000000000036	-0.84	6.9824
-0.040000000000000036	-0.8	6.6976
-0.040000000000000036	-0.76	6.412800000000001
-0.040000000000000036	-0.72	6.128
-0.040000000000000036	-0.6799999999999999	5.8431999999999995
-0.040000000000000036	-0.64	5.558400000000001
-0.040000000000000036	-0.6	5.2736
-0.040000000000000036	-0.56	4.9888
-0.040000000000000036	-0.52	4.704000000000001
-0.040000000000000036	-0.48	4.4192
-0.040000000000000036	-0.43999999999999995	4.134399999999999
-0.040000000000000036	-0.4	3.8496
-0.040000000000000036	-0.36	3.5648
-0.040000000000000036	-0.31999999999999995	3.28
-0.040000000000000036	-0.28	2.9952000000000005
-0.040000000000000036	-0.24	2.7104
-0.040000000000000036	-0.19999999999999996	2.4255999999999998
-0.040000000000000036	-0.16000000000000003	2.1408
-0.040000000000000036	-0.12	1.8559999999999999
-0.040000000000000036	-0.07999999999999996	1.5711999999999997
-0.040000000000000036	-0.040000000000000036	1.2864000000000002
-0.040000000000000036	0.0	1.0016
-0.040000000000000036	0.040000000000000036	0.7167999999999998
-0.040000000000000036	0.08000000000000007	0.4319999999999995
-0.040000000000000036	0.1200000000000001	0.14719999999999922
-0.040000000000000036	0.15999999999999992	-0.1375999999999995
-0.040000000000000036	0.19999999999999996	-0.42239999999999966
-0.040000000000000036	0.24	-0.7072
-0.040000000000000036	0.28	-0.9920000000000002
-0.040000000000000036	0.32000000000000006	-1.2768000000000002
-0.040000000000000036	0.3600000000000001	-1.5616000000000003
-0.040000000000000036	0.40000000000000013	-1.846400000000001
-0.040000000000000036	0.43999999999999995	-2.1311999999999998
-0.040000000000000036	0.48	-2.416
-0.040000000000000036	0.52	-2.7008
-0.040000000000000036	0.56	-2.9856000000000003
-0.040000000000000036	0.6000000000000001	-3.2704000000000013
-0.040000000000000036	0.6400000000000001	-3.5552
-0.040000000000000036	0.6799999999999999	-3.84
-0.040000000000000036	0.72	-4.1248000000000005
-0.040000000000000036	0.76	-4.4096
-0.040000000000000036	0.8	-4.694400000000001
-0.040000000000000036	0.8400000000000001	-4.9792000000000005
-0.040000000000000036	0.8800000000000001	-5.264000000000001
-0.040000000000000036	0.9199999999999999	-5.5488
-0.040000000000000036	0.96	-5.8336
-0.040000000000000036	1.0	-6.1184
0.0	-1.0	8.0
0.0	-0.96	7.72
0.0	-0.92	7.44
0.0	-0.88	7.16
0.0	-0.84	6.88
0.0	-0.8	6.6000000000000005
0.0	-0.76	6.32
0.0	-0.72	6.04
0.0	-0.6799999999999999	5.76
0.0	-0.64	5.48
0.0	-0.6	5.2
0.0	-0.56	4.92
0.0	-0.52	4.640000000000001
0.0	-0.48	4.359999999999999
0.0	-0.43999999999999995	4.08
0.0	-0.4	3.8000000000000003
0.0	-0.36	3.52
0.0	-0.31999999999999995	3.2399999999999998
0.0	-0.28	2.96
0.0	-0.24	2.6799999999999997
0.0	-0.19999999999999996	2.3999999999999995
0.0	-0.16000000000000003	2.12
0.0	-0.12	1.8399999999999999
0.0	-0.07999999999999996	1.5599999999999996
0.0	-0.040000000000000036	1.2800000000000002
0.0	0.0	1.0
0.0	0.040000000000000036	0.7199999999999998
0.0	0.08000000000000007	0.4399999999999995
0.0	0.1200000000000001	0.15999999999999925
0.0	0.15999999999999992	-0.11999999999999944
0.0	0.19999999999999996	-0.3999999999999997
0.0	0.24	-0.6799999999999999
0.0	0.28	-0.9600000000000002
0.0	0.32000000000000006	-1.2400000000000002
0.0	0.3600000000000001	-1.5200000000000005
0.0	0.40000000000000013	-1.8000000000000007
0.0	0.43999999999999995	-2.0799999999999996
0.0	0.48	-2.36
0.0	0.52	-2.64
0.0	0.56	-2.9200000000000004
0.0	0.6000000000000001	-3.200000000000001
0.0	0.6400000000000001	-3.4800000000000004
0.0	0.6799999999999999	-3.76
0.0	0.72	-4.04
0.0	0.76	-4.32
0.0	0.8	-4.6000000000000005
0.0	0.8400000000000001	-4.880000000000001
0.0	0.8800000000000001	-5.160000000000001
0.0	0.9199999999999999	-5.4399999999999995
0.0	0.96	-5.72
0.0	1.0	-6.0
0.040000000000000036	-1.0	7.8816
0.040000000000000036	-0.96	7.6064
0.040000000000000036	-0.92	7.3312
0.040000000000000036	-0.88	7.056
0.040000000000000036	-0.84	6.7808
0.040000000000000036	-0.8	6.5056
0.040000000000000036	-0.76	6.2304
0.040000000000000036	-0.72	5.9552
0.040000000000000036	-0.6799999999999999	5.68
0.040000000000000036	-0.64	5.404800000000001
0.040000000000000036	-0.6	5.1296
0.040000000000000036	-0.56	4.8544
0.040000000000000036	-0.52	4.5792
0.040000000000000036	-0.48	4.304
0.040000000000000036	-0.43999999999999995	4.0287999999999995
0.040000000000000036	-0.4	3.7536
0.040000000000000036	-0.36	3.4784
0.040000000000000036	-0.31999999999999995	3.2032
0.040000000000000036	-0.28	2.928
0.040000000000000036	-0.24	2.6528
0.040000000000000036	-0.19999999999999996	2.3775999999999997
0.040000000000000036	-0.16000000000000003	2.1024000000000003
0.040000000000000036	-0.12	1.8272
0.040000000000000036	-0.07999999999999996	1.5519999999999996
0.040000000000000036	-0.040000000000000036	1.2768000000000002
0.040000000000000036	0.0	1.0016
0.040000000000000036	0.040000000000000036	0.7263999999999997
0.040000000000000036	0.08000000000000007	0.4511999999999995
0.040000000000000036	0.1200000000000001	0.17599999999999927
0.040000000000000036	0.15999999999999992	-0.09919999999999951
0.040000000000000036	0.19999999999999996	-0.3743999999999996
0.040000000000000036	0.24	-0.6496
0.040000000000000036	0.28	-0.9248000000000001
0.040000000000000036	0.32000000000000006	-1.2000000000000002
0.040000000000000036	0.3600000000000001	-1.4752000000000005
0.040000000000000036	0.40000000000000013	-1.7504000000000008
0.040000000000000036	0.43999999999999995	-2.0255999999999994
0.040000000000000036	0.48	-2.3007999999999997
0.040000000000000036	0.52	-2.576
0.040000000000000036	0.56	-2.8512000000000004
0.040000000000000036	0.6000000000000001	-3.126400000000001
0.040000000000000036	0.6400000000000001	-3.4016
0.040000000000000036	0.6799999999999999	-3.6768
0.040000000000000036	0.72	-3.952
0.040000000000000036	0.76	-4.2272
0.040000000000000036	0.8	-4.502400000000001
0.040000000000000036	0.8400000000000001	-4.7776000000000005
0.040000000000000036	0.8800000000000001	-5.052800000000001
0.040000000000000036	0.9199999999999999	-5.327999999999999
0.040000000000000036	0.96	-5.603199999999999
0.040000000000000036	1.0	-5.8784
0.08000000000000007	-1.0	7.7664
0.08000000000000007	-0.96	7.4959999999999996
0.08000000000000007	-0.92	7.2256
0.08000000000000007	-0.88	6.9552
0.08000000000000007	-0.84	6.6848
0.08000000000000007	-0.8	6.4144000000000005
0.08000000000000007	-0.76	6.144
0.08000000000000007	-0.72	5.8736
0.08000000000000007	-0.6799999999999999	5.603199999999999
0.08000000000000007	-0.64	5.332800000000001
0.08000000000000007	-0.6	5.0624
0.08000000000000007	-0.56	4.792
0.08000000000000007	-0.52	4.521599999999999
0.08000000000000007	-0.48	4.2512
0.08000000000000007	-0.43999999999999995	3.9807999999999995
0.08000000000000007	-0.4	3.7104000000000004
0.08000000000000007	-0.36	3.44
0.08000000000000007	-0.31999999999999995	3.1695999999999995
0.08000000000000007	-0.28	2.8992000000000004
0.08000000000000007	-0.24	2.6288
0.08000000000000007	-0.19999999999999996	2.3583999999999996
0.08000000000000007	-0.16000000000000003	2.088
0.08000000000000007	-0.12	1.8176
0.08000000000000007	-0.07999999999999996	1.5471999999999997
0.08000000000000007	-0.040000000000000036	1.2768000000000002
0.08000000000000007	0.0	1.0064
0.08000000000000007	0.040000000000000036	0.7359999999999998
0.08000000000000007	0.08000000000000007	0.46559999999999957
0.08000000000000007	0.1200000000000001	0.19519999999999937
0.08000000000000007	0.15999999999999992	-0.07519999999999949
0.08000000000000007	0.19999999999999996	-0.3455999999999997
0.08000000000000007	0.24	-0.6159999999999999
0.08000000000000007	0.28	-0.8864000000000001
0.08000000000000007	0.32000000000000006	-1.1568
0.08000000000000007	0.3600000000000001	-1.4272000000000005
0.08000000000000007	0.40000000000000013	-1.6976000000000004
0.08000000000000007	0.43999999999999995	-1.9679999999999995
0.08000000000000007	0.48	-2.2384
0.08000000000000007	0.52	-2.5088
0.08000000000000007	0.56	-2.7792000000000003
0.08000000000000007	0.6000000000000001	-3.0496000000000008
0.08000000000000007	0.6400000000000001	-3.3200000000000003
0.08000000000000007	0.6799999999999999	-3.5904
0.08000000000000007	0.72	-3.8608000000000002
0.08000000000000007	0.76	-4.1312
0.08000000000000007	0.8	-4.4016
0.08000000000000007	0.8400000000000001	-4.672000000000001
0.08000000000000007	0.8800000000000001	-4.942400000000001
0.08000000000000007	0.9199999999999999	-5.2128
0.08000000000000007	0.96	-5.483199999999999
0.08000000000000007	1.0	-5.7536
0.1200000000000001	-1.0	7.6544
0.1200000000000001	-0.96	7.3888
0.1200000000000001	-0.92	7.1232
0.1200000000000001	-0.88	6.8576
0.1200000000000001	-0.84	6.592
0.1200000000000001	-0.8	6.3264000000000005
0.1200000000000001	-0.76	6.0608
0.1200000000000001	-0.72	5.7951999999999995
0.1200000000000001	-0.6799999999999999	5.529599999999999
0.1200000000000001	-0.64	5.264
0.1200000000000001	-0.6	4.9984
0.1200000000000001	-0.56	4.7328
0.1200000000000001	-0.52	4.4672
0.1200000000000001	-0.48	4.201599999999999
0.1200000000000001	-0.43999999999999995	3.9359999999999995
0.1200000000000001	-0.4	3.6704000000000003
0.1200000000000001	-0.36	3.4048
0.1200000000000001	-0.31999999999999995	3.1391999999999998
0.1200000000000001	-0.28	2.8736
0.1200000000000001	-0.24	2.6079999999999997
0.1200000000000001	-0.19999999999999996	2.3423999999999996
0.1200000000000001	-0.16000000000000003	2.0768
0.1200000000000001	-0.12	1.8112
0.1200000000000001	-0.07999999999999996	1.5455999999999999
0.1200000000000001	-0.040000000000000036	1.2800000000000002
0.1200000000000001	0.0	1.0144
0.1200000000000001	0.040000000000000036	0.7487999999999998
0.1200000000000001	0.08000000000000007	0.48319999999999963
0.1200000000000001	0.1200000000000001	0.21759999999999935
0.1200000000000001	0.15999999999999992	-0.047999999999999376
0.1200000000000001	0.19999999999999996	-0.31359999999999966
0.1200000000000001	0.24	-0.5791999999999999
0.1200000000000001	0.28	-0.8448
0.1200000000000001	0.32000000000000006	-1.1104000000000003
0.1200000000000001	0.3600000000000001	-1.3760000000000003
0.1200000000000001	0.40000000000000013	-1.6416000000000004
0.1200000000000001	0.43999999999999995	-1.9071999999999996
0.1200000000000001	0.48	-2.1727999999999996
0.1200000000000001	0.52	-2.4384
0.1200000000000001	0.56	-2.704
0.1200000000000001	0.6000000000000001	-2.9696000000000007
0.1200000000000001	0.6400000000000001	-3.2352
0.1200000000000001	0.6799999999999999	-3.5008
0.1200000000000001	0.72	-3.7664
0.1200000000000001	0.76	-4.032
0.1200000000000001	0.8	-4.2976
0.1200000000000001	0.8400000000000001	-4.5632
0.1200000000000001	0.8800000000000001	-4.828800000000001
0.1200000000000001	0.9199999999999999	-5.094399999999999
0.1200000000000001	0.96	-5.359999999999999
0.1200000000000001	1.0	-5.6255999999999995
0.15999999999999992	-1.0	7.5456
0.15999999999999992	-0.96	7.2848
0.15999999999999992	-0.92	7.024000000000001
0.15999999999999992	-0.88	6.7632
0.15999999999999992	-0.84	6.5024
0.15999999999999992	-0.8	6.241600000000001
0.15999999999999992	-0.76	5.9808
0.15999999999999992	-0.72	5.720000000000001
0.15999999999999992	-0.6799999999999999	5.4592
0.15999999999999992	-0.64	5.1984
0.15999999999999992	-0.6	4.9376
0.15999999999999992	-0.56	4.6768
0.15999999999999992	-0.52	4.416
0.15999999999999992	-0.48	4.1552
0.15999999999999992	-0.43999999999999995	3.8943999999999996
0.15999999999999992	-0.4	3.6336000000000004
0.15999999999999992	-0.36	3.3728000000000002
0.15999999999999992	-0.31999999999999995	3.1119999999999997
0.15999999999999992	-0.28	2.8512000000000004
0.15999999999999992	-0.24	2.5904
0.15999999999999992	-0.19999999999999996	2.3295999999999997
0.15999999999999992	-0.16000000000000003	2.0688000000000004
0.15999999999999992	-0.12	1.8079999999999998
0.15999999999999992	-0.07999999999999996	1.5471999999999997
0.15999999999999992	-0.040000000000000036	1.2864000000000002
0.15999999999999992	0.0	1.0256
0.15999999999999992	0.040000000000000036	0.7647999999999997
0.15999999999999992	0.08000000000000007	0.5039999999999996
0.15999999999999992	0.1200000000000001	0.2431999999999992
0.15999999999999992	0.15999999999999992	-0.017599999999999616
0.15999999999999992	0.19999999999999996	-0.27839999999999976
0.15999999999999992	0.24	-0.5392000000000001
0.15999999999999992	0.28	-0.8000000000000003
0.15999999999999992	0.32000000000000006	-1.0608000000000004
0.15999999999999992	0.3600000000000001	-1.3216000000000006
0.15999999999999992	0.40000000000000013	-1.5824000000000007
0.15999999999999992	0.43999999999999995	-1.8432
0.15999999999999992	0.48	-2.104
0.15999999999999992	0.52	-2.3648000000000002
0.15999999999999992	0.56	-2.6256000000000004
0.15999999999999992	0.6000000000000001	-2.886400000000001
0.15999999999999992	0.6400000000000001	-3.1472000000000007
0.15999999999999992	0.6799999999999999	-3.4080000000000004
0.15999999999999992	0.72	-3.6688
0.15999999999999992	0.76	-3.9296000000000006
0.15999999999999992	0.8	-4.1904
0.15999999999999992	0.8400000000000001	-4.451200000000001
0.15999999999999992	0.8800000000000001	-4.7120000000000015
0.15999999999999992	0.9199999999999999	-4.972799999999999
0.15999999999999992	0.96	-5.2336
0.15999999999999992	1.0	-5.494400000000001
0.19999999999999996	-1.0	7.44
0.19999999999999996	-0.96	7.184
0.19999999999999996	-0.92	6.928000000000001
0.19999999999999996	-0.88	6.672000000000001
0.19999999999999996	-0.84	6.416
0.19999999999999996	-0.8	6.16
0.19999999999999996	-0.76	5.904
0.19999999999999996	-0.72	5.648
0.19999999999999996	-0.6799999999999999	5.3919999999999995
0.19999999999999996	-0.64	5.136
0.19999999999999996	-0.6	4.880000000000001
0.19999999999999996	-0.56	4.6240000000000006
0.19999999999999996	-0.52	4.368
0.19999999999999996	-0.48	4.112
0.19999999999999996	-0.43999999999999995	3.856
0.19999999999999996	-0.4	3.6
0.19999999999999996	-0.36	3.344
0.19999999999999996	-0.31999999999999995	3.0879999999999996
0.19999999999999996	-0.28	2.8320000000000003
0.19999999999999996	-0.24	2.576
0.19999999999999996	-0.19999999999999996	2.32
0.19999999999999996	-0.16000000000000003	2.064
0.19999999999999996	-0.12	1.8079999999999998
0.19999999999999996	-0.07999999999999996	1.5519999999999996
0.19999999999999996	-0.040000000000000036	1.2960000000000003
0.19999999999999996	0.0	1.04
0.19999999999999996	0.040000000000000036	0.7839999999999998
0.19999999999999996	0.08000000000000007	0.5279999999999996
0.19999999999999996	0.1200000000000001	0.27199999999999924
0.19999999999999996	0.15999999999999992	0.01600000000000046
0.19999999999999996	0.19999999999999996	-0.23999999999999977
0.19999999999999996	0.24	-0.496
0.19999999999999996	0.28	-0.7520000000000002
0.19999999999999996	0.32000000000000006	-1.008
0.19999999999999996	0.3600000000000001	-1.2640000000000002
0.19999999999999996	0.40000000000000013	-1.5200000000000005
0.19999999999999996	0.43999999999999995	-1.7759999999999998
0.19999999999999996	0.48	-2.032
0.19999999999999996	0.52	-2.2880000000000003
0.19999999999999996	0.56	-2.5440000000000005
0.19999999999999996	0.6000000000000001	-2.800000000000001
0.19999999999999996	0.6400000000000001	-3.056
0.19999999999999996	0.6799999999999999	-3.3120000000000003
0.19999999999999996	0.72	-3.5680000000000005
0.19999999999999996	0.76	-3.8240000000000007
0.19999999999999996	0.8	-4.080000000000001
0.19999999999999996	0.8400000000000001	-4.336000000000001
0.19999999999999996	0.8800000000000001	-4.592000000000001
0.19999999999999996	0.9199999999999999	-4.848
0.19999999999999996	0.96	-5.104
0.19999999999999996	1.0	-5.36
0.24	-1.0	7.3376
0.24	-0.96	7.086399999999999
0.24	-0.92	6.8352
0.24	-0.88	6.5840000000000005
0.24	-0.84	6.3328
0.24	-0.8	6.081600000000001
0.24	-0.76	5.8304
0.24	-0.72	5.5792
0.24	-0.6799999999999999	5.327999999999999
0.24	-0.64	5.0768
0.24	-0.6	4.8256
0.24	-0.56	4.574400000000001
0.24	-0.52	4.3232
0.24	-0.48	4.072
0.24	-0.43999999999999995	3.8207999999999998
0.24	-0.4	3.5696000000000003
0.24	-0.36	3.3184
0.24	-0.31999999999999995	3.0671999999999997
0.24	-0.28	2.8160000000000003
0.24	-0.24	2.5648
0.24	-0.19999999999999996	2.3135999999999997
0.24	-0.16000000000000003	2.0624000000000002
0.24	-0.12	1.8112
0.24	-0.07999999999999996	1.5599999999999996
0.24	-0.040000000000000036	1.3088000000000002
0.24	0.0	1.0576
0.24	0.040000000000000036	0.8063999999999998
0.24	0.08000000000000007	0.5551999999999996
0.24	0.1200000000000001	0.3039999999999994
0.24	0.15999999999999992	0.05280000000000051
0.24	0.19999999999999996	-0.1983999999999997
0.24	0.24	-0.4496
0.24	0.28	-0.7008000000000001
0.24	0.32000000000000006	-0.9520000000000002
0.24	0.3600000000000001	-1.2032000000000003
0.24	0.40000000000000013	-1.4544000000000006
0.24	0.43999999999999995	-1.7055999999999996
0.24	0.48	-1.9567999999999999
0.24	0.52	-2.208
0.24	0.56	-2.4592000000000005
0.24	0.6000000000000001	-2.710400000000001
0.24	0.6400000000000001	-2.9616000000000002
0.24	0.6799999999999999	-3.2127999999999997
0.24	0.72	-3.4640000000000004
0.24	0.76	-3.7152000000000003
0.24	0.8	-3.9664
0.24	0.8400000000000001	-4.217600000000001
0.24	0.8800000000000001	-4.468800000000001
0.24	0.9199999999999999	-4.72
0.24	0.96	-4.9712
0.24	1.0	-5.2224
0.28	-1.0	7.2384
0.28	-0.96	6.992
0.28	-0.92	6.7456000000000005
0.28	-0.88	6.4992
0.28	-0.84	6.2528
0.28	-0.8	6.0064
0.28	-0.76	5.76
0.28	-0.72	5.5136
0.28	-0.6799999999999999	5.2672
0.28	-0.64	5.0208
0.28	-0.6	4.7744
0.28	-0.56	4.5280000000000005
0.28	-0.52	4.2816
0.28	-0.48	4.0352
0.28	-0.43999999999999995	3.7887999999999997
0.28	-0.4	3.5424
0.28	-0.36	3.2960000000000003
0.28	-0.31999999999999995	3.0496
0.28	-0.28	2.8032000000000004
0.28	-0.24	2.5568
0.28	-0.19999999999999996	2.3103999999999996
0.28	-0.16000000000000003	2.064
0.28	-0.12	1.8176
0.28	-0.07999999999999996	1.5711999999999997
0.28	-0.040000000000000036	1.3248000000000002
0.28	0.0	1.0784
0.28	0.040000000000000036	0.8319999999999999
0.28	0.08000000000000007	0.5855999999999996
0.28	0.1200000000000001	0.3391999999999994
0.28	0.15999999999999992	0.09280000000000044
0.28	0.19999999999999996	-0.15359999999999974
0.28	0.24	-0.3999999999999999
0.28	0.28	-0.6464000000000001
0.28	0.32000000000000006	-0.8928
0.28	0.3600000000000001	-1.1392000000000002
0.28	0.40000000000000013	-1.3856000000000006
0.28	0.43999999999999995	-1.6319999999999997
0.28	0.48	-1.8784
0.28	0.52	-2.1248
0.28	0.56	-2.3712000000000004
0.28	0.6000000000000001	-2.617600000000001
0.28	0.6400000000000001	-2.8640000000000003
0.28	0.6799999999999999	-3.1103999999999994
0.28	0.72	-3.3568
0.28	0.76	-3.6032
0.28	0.8	-3.8496000000000006
0.28	0.8400000000000001	-4.096000000000001
0.28	0.8800000000000001	-4.3424000000000005
0.28	0.9199999999999999	-4.588799999999999
0.28	0.96	-4.8351999999999995
0.28	1.0	-5.0816
0.32000000000000006	-1.0	7.1424
0.32000000000000006	-0.96	6.900799999999999
0.32000000000000006	-0.92	6.6592
0.32000000000000006	-0.88	6.4176
0.32000000000000006	-0.84	6.176
0.32000000000000006	-0.8	5.9344
0.32000000000000006	-0.76	5.6928
0.32000000000000006	-0.72	5.4512
0.32000000000000006	-0.6799999999999999	5.2096
0.32000000000000006	-0.64	4.968
0.32000000000000006	-0.6	4.7264
0.32000000000000006	-0.56	4.4848
0.32000000000000006	-0.52	4.2432
0.32000000000000006	-0.48	4.0016
0.32000000000000006	-0.43999999999999995	3.76
0.32000000000000006	-0.4	3.5184
0.32000000000000006	-0.36	3.2768
0.32000000000000006	-0.31999999999999995	3.0351999999999997
0.32000000000000006	-0.28	2.7936
0.32000000000000006	-0.24	2.552
0.32000000000000006	-0.19999999999999996	2.3103999999999996
0.32000000000000006	-0.16000000000000003	2.0688
0.32000000000000006	-0.12	1.8272
0.32000000000000006	-0.07999999999999996	1.5856
0.32000000000000006	-0.040000000000000036	1.3440000000000003
0.32000000000000006	0.0	1.1024
0.32000000000000006	0.040000000000000036	0.8607999999999998
0.32000000000000006	0.08000000000000007	0.6191999999999996
0.32000000000000006	0.1200000000000001	0.3775999999999995
0.32000000000000006	0.15999999999999992	0.13600000000000056
0.32000000000000006	0.19999999999999996	-0.1055999999999997
0.32000000000000006	0.24	-0.34719999999999995
0.32000000000000006	0.28	-0.5888
0.32000000000000006	0.32000000000000006	-0.8304
0.32000000000000006	0.3600000000000001	-1.072
0.32000000000000006	0.40000000000000013	-1.3136000000000005
0.32000000000000006	0.43999999999999995	-1.5551999999999992
0.32000000000000006	0.48	-1.7967999999999997
0.32000000000000006	0.52	-2.0384
0.32000000000000006	0.56	-2.2800000000000002
0.32000000000000006	0.6000000000000001	-2.5216000000000007
0.32000000000000006	0.6400000000000001	-2.7632000000000003
0.32000000000000006	0.6799999999999999	-3.0047999999999995
0.32000000000000006	0.72	-3.2463999999999995
0.32000000000000006	0.76	-3.4880000000000004
0.32000000000000006	0.8	-3.7296000000000005
0.32000000000000006	0.8400000000000001	-3.9712000000000005
0.32000000000000006	0.8800000000000001	-4.2128000000000005
0.32000000000000006	0.9199999999999999	-4.4544
0.32000000000000006	0.96	-4.696
0.32000000000000006	1.0	-4.9376
0.3600000000000001	-1.0	7.0496
0.3600000000000001	-0.96	6.812799999999999
0.3600000000000001	-0.92	6.5760000000000005
0.3600000000000001	-0.88	6.3392
0.3600000000000001	-0.84	6.102399999999999
0.3600000000000001	-0.8	5.865600000000001
0.3600000000000001	-0.76	5.6288
0.3600000000000001	-0.72	5.3919999999999995
0.3600000000000001	-0.6799999999999999	5.1552
0.3600000000000001	-0.64	4.9184
0.3600000000000001	-0.6	4.6815999999999995
0.3600000000000001	-0.56	4.444800000000001
0.3600000000000001	-0.52	4.208
0.3600000000000001	-0.48	3.9711999999999996
0.3600000000000001	-0.43999999999999995	3.7343999999999995
0.3600000000000001	-0.4	3.4976000000000003
0.3600000000000001	-0.36	3.2608
0.3600000000000001	-0.31999999999999995	3.024
0.3600000000000001	-0.28	2.7872000000000003
0.3600000000000001	-0.24	2.5504
0.3600000000000001	-0.19999999999999996	2.3135999999999997
0.3600000000000001	-0.16000000000000003	2.0768
0.3600000000000001	-0.12	1.84
0.3600000000000001	-0.07999999999999996	1.6031999999999997
0.3600000000000001	-0.040000000000000036	1.3664000000000003
0.3600000000000001	0.0	1.1296000000000002
0.3600000000000001	0.040000000000000036	0.8927999999999998
0.3600000000000001	0.08000000000000007	0.6559999999999997
0.3600000000000001	0.1200000000000001	0.41919999999999946
0.3600000000000001	0.15999999999999992	0.18240000000000056
0.3600000000000001	0.19999999999999996	-0.05439999999999956
0.3600000000000001	0.24	-0.2911999999999999
0.3600000000000001	0.28	-0.528
0.3600000000000001	0.32000000000000006	-0.7647999999999999
0.3600000000000001	0.3600000000000001	-1.0016000000000003
0.3600000000000001	0.40000000000000013	-1.2384000000000004
0.3600000000000001	0.43999999999999995	-1.4751999999999996
0.3600000000000001	0.48	-1.7119999999999997
0.3600000000000001	0.52	-1.9487999999999999
0.3600000000000001	0.56	-2.1856
0.3600000000000001	0.6000000000000001	-2.4224000000000006
0.3600000000000001	0.6400000000000001	-2.6592000000000002
0.3600000000000001	0.6799999999999999	-2.8959999999999995
0.3600000000000001	0.72	-3.1327999999999996
0.3600000000000001	0.76	-3.3696
0.3600000000000001	0.8	-3.6064
0.3600000000000001	0.8400000000000001	-3.8432000000000004
0.3600000000000001	0.8800000000000001	-4.08
0.3600000000000001	0.9199999999999999	-4.316799999999999
0.3600000000000001	0.96	-4.553599999999999
0.3600000000000001	1.0	-4.7904
0.40000000000000013	-1.0	6.96
0.40000000000000013	-0.96	6.728
0.40000000000000013	-0.92	6.496
0.40000000000000013	-0.88	6.264
0.40000000000000013	-0.84	6.032
0.40000000000000013	-0.8	5.800000000000001
0.40000000000000013	-0.76	5.568
0.40000000000000013	-0.72	5.336
0.40000000000000013	-0.6799999999999999	5.104
0.40000000000000013	-0.64	4.872
0.40000000000000013	-0.6	4.640000000000001
0.40000000000000013	-0.56	4.408
0.40000000000000013	-0.52	4.176
0.40000000000000013	-0.48	3.944
0.40000000000000013	-0.43999999999999995	3.7119999999999997
0.40000000000000013	-0.4	3.4800000000000004
0.40000000000000013	-0.36	3.248
0.40000000000000013	-0.31999999999999995	3.016
0.40000000000000013	-0.28	2.7840000000000003
0.40000000000000013	-0.24	2.552
0.40000000000000013	-0.19999999999999996	2.32
0.40000000000000013	-0.16000000000000003	2.088
0.40000000000000013	-0.12	1.856
0.40000000000000013	-0.07999999999999996	1.6239999999999999
0.40000000000000013	-0.040000000000000036	1.3920000000000003
0.40000000000000013	0.0	1.1600000000000001
0.40000000000000013	0.040000000000000036	0.9279999999999999
0.40000000000000013	0.08000000000000007	0.6959999999999997
0.40000000000000013	0.1200000000000001	0.4639999999999995
0.40000000000000013	0.15999999999999992	0.23200000000000065
0.40000000000000013	0.19999999999999996	4.440892098500626e-16
0.40000000000000013	0.24	-0.23199999999999976
0.40000000000000013	0.28	-0.46399999999999997
0.40000000000000013	0.32000000000000006	-0.6959999999999997
0.40000000000000013	0.3600000000000001	-0.9279999999999999
0.40000000000000013	0.40000000000000013	-1.1600000000000001
0.40000000000000013	0.43999999999999995	-1.3919999999999995
0.40000000000000013	0.48	-1.6239999999999997
0.40000000000000013	0.52	-1.8559999999999999
0.40000000000000013	0.56	-2.088
0.40000000000000013	0.6000000000000001	-2.3200000000000007
0.40000000000000013	0.6400000000000001	-2.5519999999999996
0.40000000000000013	0.6799999999999999	-2.7839999999999994
0.40000000000000013	0.72	-3.016
0.40000000000000013	0.76	-3.2479999999999993
0.40000000000000013	0.8	-3.4800000000000004
0.40000000000000013	0.8400000000000001	-3.7119999999999997
0.40000000000000013	0.8800000000000001	-3.944000000000001
0.40000000000000013	0.9199999999999999	-4.175999999999999
0.40000000000000013	0.96	-4.4079999999999995
0.40000000000000013	1.0	-4.64
0.43999999999999995	-1.0	6.8736
0.43999999999999995	-0.96	6.6464
0.43999999999999995	-0.92	6.4192
0.43999999999999995	-0.88	6.192
0.43999999999999995	-0.84	5.9648
0.43999999999999995	-0.8	5.7376000000000005
0.43999999999999995	-0.76	5.510400000000001
0.43999999999999995	-0.72	5.2832
0.43999999999999995	-0.6799999999999999	5.056
0.43999999999999995	-0.64	4.828800000000001
0.43999999999999995	-0.6	4.6016
0.43999999999999995	-0.56	4.3744000000000005
0.43999999999999995	-0.52	4.1472
0.43999999999999995	-0.48	3.92
0.43999999999999995	-0.43999999999999995	3.6927999999999996
0.43999999999999995	-0.4	3.4656000000000002
0.43999999999999995	-0.36	3.2384
0.43999999999999995	-0.31999999999999995	3.0111999999999997
0.43999999999999995	-0.28	2.7840000000000003
0.43999999999999995	-0.24	2.5568
0.43999999999999995	-0.19999999999999996	2.3295999999999997
0.43999999999999995	-0.16000000000000003	2.1024000000000003
0.43999999999999995	-0.12	1.8752
0.43999999999999995	-0.07999999999999996	1.6479999999999997
0.43999999999999995	-0.040000000000000036	1.4208000000000003
0.43999999999999995	0.0	1.1936
0.43999999999999995	0.040000000000000036	0.9663999999999997
0.43999999999999995	0.08000000000000007	0.7391999999999995
0.43999999999999995	0.1200000000000001	0.5119999999999993
0.43999999999999995	0.15999999999999992	0.2848000000000004
0.43999999999999995	0.19999999999999996	0.05760000000000021
0.43999999999999995	0.24	-0.16959999999999997
0.43999999999999995	0.28	-0.39680000000000026
0.43999999999999995	0.32000000000000006	-0.6240000000000001
0.43999999999999995	0.3600000000000001	-0.8512000000000004
0.43999999999999995	0.40000000000000013	-1.0784000000000007
0.43999999999999995	0.43999999999999995	-1.3055999999999996
0.43999999999999995	0.48	-1.5328
0.43999999999999995	0.52	-1.7600000000000002
0.43999999999999995	0.56	-1.9872000000000005
0.43999999999999995	0.6000000000000001	-2.2144000000000013
0.43999999999999995	0.6400000000000001	-2.4416
0.43999999999999995	0.6799999999999999	-2.6688
0.43999999999999995	0.72	-2.8960000000000004
0.43999999999999995	0.76	-3.1232000000000006
0.43999999999999995	0.8	-3.3504000000000005
0.43999999999999995	0.8400000000000001	-3.5776000000000003
0.43999999999999995	0.8800000000000001	-3.804800000000001
0.43999999999999995	0.9199999999999999	-4.032
0.43999999999999995	0.96	-4.2592
0.43999999999999995	1.0	-4.4864
0.48	-1.0	6.7904
0.48	-0.96	6.568
0.48	-0.92	6.3456
0.48	-0.88	6.123200000000001
0.48	-0.84	5.9008
0.48	-0.8	5.678400000000001
0.48	-0.76	5.456
0.48	-0.72	5.2336
0.48	-0.6799999999999999	5.0112
0.48	-0.64	4.7888
0.48	-0.6	4.5664
0.48	-0.56	4.344
0.48	-0.52	4.1216
0.48	-0.48	3.8992
0.48	-0.43999999999999995	3.6767999999999996
0.48	-0.4	3.4544
0.48	-0.36	3.232
0.48	-0.31999999999999995	3.0096
0.48	-0.28	2.7872000000000003
0.48	-0.24	2.5648
0.48	-0.19999999999999996	2.3423999999999996
0.48	-0.16000000000000003	2.12
0.48	-0.12	1.8976
0.48	-0.07999999999999996	1.6751999999999998
0.48	-0.040000000000000036	1.4528000000000003
0.48	0.0	1.2304
0.48	0.040000000000000036	1.0079999999999998
0.48	0.08000000000000007	0.7855999999999996
0.48	0.1200000000000001	0.5631999999999994
0.48	0.15999999999999992	0.34080000000000044
0.48	0.19999999999999996	0.11840000000000028
0.48	0.24	-0.10400000000000009
0.48	0.28	-0.32640000000000025
0.48	0.32000000000000006	-0.5488000000000002
0.48	0.3600000000000001	-0.7712000000000003
0.48	0.40000000000000013	-0.9936000000000005
0.48	0.43999999999999995	-1.2159999999999997
0.48	0.48	-1.4383999999999997
0.48	0.52	-1.6608
0.48	0.56	-1.8832000000000004
0.48	0.6000000000000001	-2.105600000000001
0.48	0.6400000000000001	-2.3280000000000003
0.48	0.6799999999999999	-2.5504
0.48	0.72	-2.7728
0.48	0.76	-2.9952000000000005
0.48	0.8	-3.217600000000001
0.48	0.8400000000000001	-3.4400000000000013
0.48	0.8800000000000001	-3.6624000000000008
0.48	0.9199999999999999	-3.8848000000000003
0.48	0.96	-4.1072
0.48	1.0	-4.3296
0.52	-1.0	6.7104
0.52	-0.96	6.4928
0.52	-0.92	6.2752
0.52	-0.88	6.0576
0.52	-0.84	5.84
0.52	-0.8	5.622400000000001
0.52	-0.76	5.4048
0.52	-0.72	5.1872
0.52	-0.6799999999999999	4.9696
0.52	-0.64	4.752000000000001
0.52	-0.6	4.5344
0.52	-0.56	4.316800000000001
0.52	-0.52	4.0992
0.52	-0.48	3.8815999999999997
0.52	-0.43999999999999995	3.6639999999999997
0.52	-0.4	3.4464
0.52	-0.36	3.2288
0.52	-0.31999999999999995	3.0111999999999997
0.52	-0.28	2.7936
0.52	-0.24	2.576
0.52	-0.19999999999999996	2.3583999999999996
0.52	-0.16000000000000003	2.1408
0.52	-0.12	1.9232
0.52	-0.07999999999999996	1.7055999999999998
0.52	-0.040000000000000036	1.4880000000000002
0.52	0.0	1.2704
0.52	0.040000000000000036	1.0528
0.52	0.08000000000000007	0.8351999999999997
0.52	0.1200000000000001	0.6175999999999995
0.52	0.15999999999999992	0.40000000000000047
0.52	0.19999999999999996	0.18240000000000034
0.52	0.24	-0.0351999999999999
0.52	0.28	-0.25280000000000014
0.52	0.32000000000000006	-0.47040000000000015
0.52	0.3600000000000001	-0.6880000000000002
0.52	0.40000000000000013	-0.9056000000000004
0.52	0.43999999999999995	-1.1231999999999998
0.52	0.48	-1.3407999999999998
0.52	0.52	-1.5583999999999998
0.52	0.56	-1.7760000000000002
0.52	0.6000000000000001	-1.9936000000000007
0.52	0.6400000000000001	-2.2112000000000003
0.52	0.6799999999999999	-2.4288
0.52	0.72	-2.6464
0.52	0.76	-2.8640000000000003
0.52	0.8	-3.0816
0.52	0.8400000000000001	-3.299200000000001
0.52	0.8800000000000001	-3.516800000000001
0.52	0.9199999999999999	-3.734399999999999
0.52	0.96	-3.952
0.52	1.0	-4.1696
0.56	-1.0	6.6335999999999995
0.56	-0.96	6.4208
0.56	-0.92	6.208
0.56	-0.88	5.9952000000000005
0.56	-0.84	5.7824
0.56	-0.8	5.5696
0.56	-0.76	5.3568
0.56	-0.72	5.144
0.56	-0.6799999999999999	4.9312
0.56	-0.64	4.718400000000001
0.56	-0.6	4.5056
0.56	-0.56	4.2928
0.56	-0.52	4.08
0.56	-0.48	3.8672
0.56	-0.43999999999999995	3.6544
0.56	-0.4	3.4416
0.56	-0.36	3.2288
0.56	-0.31999999999999995	3.016
0.56	-0.28	2.8032000000000004
0.56	-0.24	2.5904
0.56	-0.19999999999999996	2.3775999999999997
0.56	-0.16000000000000003	2.1648
0.56	-0.12	1.952
0.56	-0.07999999999999996	1.7391999999999999
0.56	-0.040000000000000036	1.5264000000000002
0.56	0.0	1.3136
0.56	0.040000000000000036	1.1008
0.56	0.08000000000000007	0.8879999999999997
0.56	0.1200000000000001	0.6751999999999995
0.56	0.15999999999999992	0.4624000000000005
0.56	0.19999999999999996	0.24960000000000027
0.56	0.24	0.036800000000000166
0.56	0.28	-0.17600000000000016
0.56	0.32000000000000006	-0.38880000000000003
0.56	0.3600000000000001	-0.6016000000000001
0.56	0.40000000000000013	-0.8144000000000005
0.56	0.43999999999999995	-1.0271999999999997
0.56	0.48	-1.2399999999999998
0.56	0.52	-1.4527999999999999
0.56	0.56	-1.6656000000000004
0.56	0.6000000000000001	-1.878400000000001
0.56	0.6400000000000001	-2.0911999999999997
0.56	0.6799999999999999	-2.3039999999999994
0.56	0.72	-2.5168
0.56	0.76	-2.7296
0.56	0.8	-2.9424
0.56	0.8400000000000001	-3.1552000000000007
0.56	0.8800000000000001	-3.3680000000000003
0.56	0.9199999999999999	-3.580799999999999
0.56	0.96	-3.7935999999999996
0.56	1.0	-4.006399999999999
0.6000000000000001	-1.0	6.56
0.6000000000000001	-0.96	6.351999999999999
0.6000000000000001	-0.92	6.144
0.6000000000000001	-0.88	5.936
0.6000000000000001	-0.84	5.728
0.6000000000000001	-0.8	5.5200000000000005
0.6000000000000001	-0.76	5.312
0.6000000000000001	-0.72	5.104
0.6000000000000001	-0.6799999999999999	4.896
0.6000000000000001	-0.64	4.688000000000001
0.6000000000000001	-0.6	4.48
0.6000000000000001	-0.56	4.272
0.6000000000000001	-0.52	4.064
0.6000000000000001	-0.48	3.856
0.6000000000000001	-0.43999999999999995	3.6479999999999997
0.6000000000000001	-0.4	3.4400000000000004
0.6000000000000001	-0.36	3.232
0.6000000000000001	-0.31999999999999995	3.024
0.6000000000000001	-0.28	2.8160000000000003
0.6000000000000001	-0.24	2.608
0.6000000000000001	-0.19999999999999996	2.4
0.6000000000000001	-0.16000000000000003	2.192
0.6000000000000001	-0.12	1.984
0.6000000000000001	-0.07999999999999996	1.7759999999999998
0.6000000000000001	-0.040000000000000036	1.5680000000000003
0.6000000000000001	0.0	1.36
0.6000000000000001	0.040000000000000036	1.152
0.6000000000000001	0.08000000000000007	0.9439999999999997
0.6000000000000001	0.1200000000000001	0.7359999999999995
0.6000000000000001	0.15999999999999992	0.5280000000000006
0.6000000000000001	0.19999999999999996	0.3200000000000004
0.6000000000000001	0.24	0.11200000000000021
0.6000000000000001	0.28	-0.09600000000000009
0.6000000000000001	0.32000000000000006	-0.3039999999999998
0.6000000000000001	0.3600000000000001	-0.512
0.6000000000000001	0.40000000000000013	-0.7200000000000002
0.6000000000000001	0.43999999999999995	-0.9279999999999995
0.6000000000000001	0.48	-1.1359999999999997
0.6000000000000001	0.52	-1.3439999999999999
0.6000000000000001	0.56	-1.552
0.6000000000000001	0.6000000000000001	-1.7600000000000007
0.6000000000000001	0.6400000000000001	-1.968
0.6000000000000001	0.6799999999999999	-2.1759999999999997
0.6000000000000001	0.72	-2.384
0.6000000000000001	0.76	-2.5919999999999996
0.6000000000000001	0.8	-2.8
0.6000000000000001	0.8400000000000001	-3.008
0.6000000000000001	0.8800000000000001	-3.216
0.6000000000000001	0.9199999999999999	-3.4239999999999995
0.6000000000000001	0.96	-3.6319999999999997
0.6000000000000001	1.0	-3.84
0.6400000000000001	-1.0	6.489599999999999
0.6400000000000001	-0.96	6.2863999999999995
0.6400000000000001	-0.92	6.0832
0.6400000000000001	-0.88	5.88
0.6400000000000001	-0.84	5.6768
0.6400000000000001	-0.8	5.4736
0.6400000000000001	-0.76	5.2704
0.6400000000000001	-0.72	5.0672
0.6400000000000001	-0.6799999999999999	4.864
0.6400000000000001	-0.64	4.6608
0.6400000000000001	-0.6	4.4576
0.6400000000000001	-0.56	4.2544
0.6400000000000001	-0.52	4.0512
0.6400000000000001	-0.48	3.848
0.6400000000000001	-0.43999999999999995	3.6447999999999996
0.6400000000000001	-0.4	3.4416
0.6400000000000001	-0.36	3.2384
0.6400000000000001	-0.31999999999999995	3.0351999999999997
0.6400000000000001	-0.28	2.8320000000000003
0.6400000000000001	-0.24	2.6288
0.6400000000000001	-0.19999999999999996	2.4255999999999998
0.6400000000000001	-0.16000000000000003	2.2224000000000004
0.6400000000000001	-0.12	2.0192
0.6400000000000001	-0.07999999999999996	1.8159999999999998
0.6400000000000001	-0.040000000000000036	1.6128000000000005
0.6400000000000001	0.0	1.4096000000000002
0.6400000000000001	0.040000000000000036	1.2064
0.6400000000000001	0.08000000000000007	1.0031999999999999
0.6400000000000001	0.1200000000000001	0.7999999999999997
0.6400000000000001	0.15999999999999992	0.5968000000000007
0.6400000000000001	0.19999999999999996	0.3936000000000005
0.6400000000000001	0.24	0.19040000000000035
0.6400000000000001	0.28	-0.012799999999999923
0.6400000000000001	0.32000000000000006	-0.21599999999999975
0.6400000000000001	0.3600000000000001	-0.4192
0.6400000000000001	0.40000000000000013	-0.6224000000000001
0.6400000000000001	0.43999999999999995	-0.8255999999999992
0.6400000000000001	0.48	-1.0287999999999995
0.6400000000000001	0.52	-1.2319999999999998
0.6400000000000001	0.56	-1.4352
0.6400000000000001	0.6000000000000001	-1.6384000000000007
0.6400000000000001	0.6400000000000001	-1.8415999999999997
0.6400000000000001	0.6799999999999999	-2.0447999999999995
0.6400000000000001	0.72	-2.2479999999999993
0.6400000000000001	0.76	-2.4512
0.6400000000000001	0.8	-2.6544
0.6400000000000001	0.8400000000000001	-2.8576
0.6400000000000001	0.8800000000000001	-3.0608000000000004
0.6400000000000001	0.9199999999999999	-3.2639999999999993
0.6400000000000001	0.96	-3.467199999999999
0.6400000000000001	1.0	-3.670399999999999
0.6799999999999999	-1.0	6.4224
0.6799999999999999	-0.96	6.224
0.6799999999999999	-0.92	6.025600000000001
0.6799999999999999	-0.88	5.8271999999999995
0.6799999999999999	-0.84	5.6288
0.6799999999999999	-0.8	5.430400000000001
0.6799999999999999	-0.76	5.232
0.6799999999999999	-0.72	5.0336
0.6799999999999999	-0.6799999999999999	4.8351999999999995
0.6799999999999999	-0.64	4.6368
0.6799999999999999	-0.6	4.4384
0.6799999999999999	-0.56	4.24
0.6799999999999999	-0.52	4.0416
0.6799999999999999	-0.48	3.8432
0.6799999999999999	-0.43999999999999995	3.6447999999999996
0.6799999999999999	-0.4	3.4464
0.6799999999999999	-0.36	3.248
0.6799999999999999	-0.31999999999999995	3.0496
0.6799999999999999	-0.28	2.8512
0.6799999999999999	-0.24	2.6528
0.6799999999999999	-0.19999999999999996	2.4543999999999997
0.6799999999999999	-0.16000000000000003	2.2560000000000002
0.6799999999999999	-0.12	2.0576
0.6799999999999999	-0.07999999999999996	1.8591999999999997
0.6799999999999999	-0.040000000000000036	1.6608
0.6799999999999999	0.0	1.4624
0.6799999999999999	0.040000000000000036	1.2639999999999998
0.6799999999999999	0.08000000000000007	1.0655999999999994
0.6799999999999999	0.1200000000000001	0.8671999999999994
0.6799999999999999	0.15999999999999992	0.6688000000000003
0.6799999999999999	0.19999999999999996	0.47040000000000015
0.6799999999999999	0.24	0.272
0.6799999999999999	0.28	0.07359999999999967
0.6799999999999999	0.32000000000000006	-0.12480000000000002
0.6799999999999999	0.3600000000000001	-0.3232000000000004
0.6799999999999999	0.40000000000000013	-0.5216000000000005
0.6799999999999999	0.43999999999999995	-0.7199999999999998
0.6799999999999999	0.48	-0.9184000000000001
0.6799999999999999	0.52	-1.1168000000000005
0.6799999999999999	0.56	-1.3152000000000004
0.6799999999999999	0.6000000000000001	-1.5136000000000012
0.6799999999999999	0.6400000000000001	-1.7120000000000002
0.6799999999999999	0.6799999999999999	-1.9104
0.6799999999999999	0.72	-2.1088000000000005
0.6799999999999999	0.76	-2.3072000000000004
0.6799999999999999	0.8	-2.5056000000000003
0.6799999999999999	0.8400000000000001	-2.7040000000000006
0.6799999999999999	0.8800000000000001	-2.902400000000001
0.6799999999999999	0.9199999999999999	-3.1007999999999996
0.6799999999999999	0.96	-3.2992
0.6799999999999999	1.0	-3.4976000000000003
0.72	-1.0	6.3584
0.72	-0.96	6.1648
0.72	-0.92	5.9712
0.72	-0.88	5.7776
0.72	-0.84	5.584
0.72	-0.8	5.3904000000000005
0.72	-0.76	5.1968
0.72	-0.72	5.0032
0.72	-0.6799999999999999	4.8096
0.72	-0.64	4.6160000000000005
0.72	-0.6	4.4224
0.72	-0.56	4.2288
0.72	-0.52	4.0352
0.72	-0.48	3.8415999999999997
0.72	-0.43999999999999995	3.6479999999999997
0.72	-0.4	3.4544
0.72	-0.36	3.2607999999999997
0.72	-0.31999999999999995	3.0671999999999997
0.72	-0.28	2.8736
0.72	-0.24	2.6799999999999997
0.72	-0.19999999999999996	2.4863999999999997
0.72	-0.16000000000000003	2.2927999999999997
0.72	-0.12	2.0991999999999997
0.72	-0.07999999999999996	1.9055999999999997
0.72	-0.040000000000000036	1.7120000000000002
0.72	0.0	1.5184
0.72	0.040000000000000036	1.3247999999999998
0.72	0.08000000000000007	1.1311999999999998
0.72	0.1200000000000001	0.9375999999999995
0.72	0.15999999999999992	0.7440000000000004
0.72	0.19999999999999996	0.5504000000000002
0.72	0.24	0.3568
0.72	0.28	0.1632
0.72	0.32000000000000006	-0.030400000000000205
0.72	0.3600000000000001	-0.2240000000000002
0.72	0.40000000000000013	-0.4176000000000004
0.72	0.43999999999999995	-0.6111999999999997
0.72	0.48	-0.8048
0.72	0.52	-0.9984
0.72	0.56	-1.1920000000000002
0.72	0.6000000000000001	-1.385600000000001
0.72	0.6400000000000001	-1.5792000000000002
0.72	0.6799999999999999	-1.7728000000000002
0.72	0.72	-1.9664000000000001
0.72	0.76	-2.16
0.72	0.8	-2.3536
0.72	0.8400000000000001	-2.5472000000000006
0.72	0.8800000000000001	-2.740800000000001
0.72	0.9199999999999999	-2.9343999999999992
0.72	0.96	-3.128
0.72	1.0	-3.3216
0.76	-1.0	6.297599999999999
0.76	-0.96	6.1088
0.76	-0.92	5.92
0.76	-0.88	5.731199999999999
0.76	-0.84	5.5424
0.76	-0.8	5.3536
0.76	-0.76	5.1648
0.76	-0.72	4.976
0.76	-0.6799999999999999	4.7872
0.76	-0.64	4.5984
0.76	-0.6	4.4096
0.76	-0.56	4.2208000000000006
0.76	-0.52	4.032
0.76	-0.48	3.8432
0.76	-0.43999999999999995	3.6543999999999994
0.76	-0.4	3.4656000000000002
0.76	-0.36	3.2767999999999997
0.76	-0.31999999999999995	3.088
0.76	-0.28	2.8992
0.76	-0.24	2.7104
0.76	-0.19999999999999996	2.5216
0.76	-0.16000000000000003	2.3327999999999998
0.76	-0.12	2.144
0.76	-0.07999999999999996	1.9551999999999998
0.76	-0.040000000000000036	1.7664000000000002
0.76	0.0	1.5776
0.76	0.040000000000000036	1.3887999999999998
0.76	0.08000000000000007	1.1999999999999997
0.76	0.1200000000000001	1.0111999999999997
0.76	0.15999999999999992	0.8224000000000005
0.76	0.19999999999999996	0.6336000000000002
0.76	0.24	0.4448000000000001
0.76	0.28	0.256
0.76	0.32000000000000006	0.06720000000000015
0.76	0.3600000000000001	-0.12160000000000015
0.76	0.40000000000000013	-0.31040000000000045
0.76	0.43999999999999995	-0.49919999999999964
0.76	0.48	-0.6879999999999997
0.76	0.52	-0.8767999999999998
0.76	0.56	-1.0656000000000003
0.76	0.6000000000000001	-1.2544000000000008
0.76	0.6400000000000001	-1.4432
0.76	0.6799999999999999	-1.6319999999999997
0.76	0.72	-1.8207999999999998
0.76	0.76	-2.0096000000000003
0.76	0.8	-2.1984000000000004
0.76	0.8400000000000001	-2.3872000000000004
0.76	0.8800000000000001	-2.5760000000000005
0.76	0.9199999999999999	-2.7647999999999997
0.76	0.96	-2.9536
0.76	1.0	-3.1424000000000003
0.8	-1.0	6.24
0.8	-0.96	6.055999999999999
0.8	-0.92	5.872
0.8	-0.88	5.688
0.8	-0.84	5.504
0.8	-0.8	5.32
0.8	-0.76	5.136
0.8	-0.72	4.952
0.8	-0.6799999999999999	4.768
0.8	-0.64	4.5840000000000005
0.8	-0.6	4.4
0.8	-0.56	4.216
0.8	-0.52	4.032
0.8	-0.48	3.848
0.8	-0.43999999999999995	3.6639999999999997
0.8	-0.4	3.4800000000000004
0.8	-0.36	3.2960000000000003
0.8	-0.31999999999999995	3.112
0.8	-0.28	2.928
0.8	-0.24	2.7439999999999998
0.8	-0.19999999999999996	2.5599999999999996
0.8	-0.16000000000000003	2.3760000000000003
0.8	-0.12	2.192
0.8	-0.07999999999999996	2.008
0.8	-0.040000000000000036	1.8240000000000003
0.8	0.0	1.6400000000000001
0.8	0.040000000000000036	1.456
0.8	0.08000000000000007	1.2719999999999998
0.8	0.1200000000000001	1.0879999999999996
0.8	0.15999999999999992	0.9040000000000006
0.8	0.19999999999999996	0.7200000000000004
0.8	0.24	0.5360000000000003
0.8	0.28	0.3520000000000001
0.8	0.32000000000000006	0.16800000000000015
0.8	0.3600000000000001	-0.016000000000000014
0.8	0.40000000000000013	-0.20000000000000018
0.8	0.43999999999999995	-0.38399999999999945
0.8	0.48	-0.5679999999999996
0.8	0.52	-0.7519999999999998
0.8	0.56	-0.9359999999999999
0.8	0.6000000000000001	-1.1200000000000006
0.8	0.6400000000000001	-1.3039999999999998
0.8	0.6799999999999999	-1.4879999999999995
0.8	0.72	-1.6719999999999997
0.8	0.76	-1.8559999999999999
0.8	0.8	-2.04
0.8	0.8400000000000001	-2.224
0.8	0.8800000000000001	-2.4080000000000004
0.8	0.9199999999999999	-2.591999999999999
0.8	0.96	-2.7759999999999994
0.8	1.0	-2.9599999999999995
0.8400000000000001	-1.0	6.185599999999999
0.8400000000000001	-0.96	6.006399999999999
0.8400000000000001	-0.92	5.8271999999999995
0.8400000000000001	-0.88	5.648
0.8400000000000001	-0.84	5.4688
0.8400000000000001	-0.8	5.2896
0.8400000000000001	-0.76	5.1104
0.8400000000000001	-0.72	4.9312000000000005
0.8400000000000001	-0.6799999999999999	4.752
0.8400000000000001	-0.64	4.572800000000001
0.8400000000000001	-0.6	4.3936
0.8400000000000001	-0.56	4.2143999999999995
0.8400000000000001	-0.52	4.0352
0.8400000000000001	-0.48	3.856
0.8400000000000001	-0.43999999999999995	3.6767999999999996
0.8400000000000001	-0.4	3.4976000000000003
0.8400000000000001	-0.36	3.3184
0.8400000000000001	-0.31999999999999995	3.1391999999999998
0.8400000000000001	-0.28	2.96
0.8400000000000001	-0.24	2.7808
0.8400000000000001	-0.19999999999999996	2.6016
0.8400000000000001	-0.16000000000000003	2.4224
0.8400000000000001	-0.12	2.2432
0.8400000000000001	-0.07999999999999996	2.064
0.8400000000000001	-0.040000000000000036	1.8848000000000003
0.8400000000000001	0.0	1.7056
0.8400000000000001	0.040000000000000036	1.5264
0.8400000000000001	0.08000000000000007	1.3472
0.8400000000000001	0.1200000000000001	1.1679999999999997
0.8400000000000001	0.15999999999999992	0.9888000000000006
0.8400000000000001	0.19999999999999996	0.8096000000000003
0.8400000000000001	0.24	0.6304000000000003
0.8400000000000001	0.28	0.45120000000000027
0.8400000000000001	0.32000000000000006	0.27200000000000024
0.8400000000000001	0.3600000000000001	0.0928
0.8400000000000001	0.40000000000000013	-0.08640000000000025
0.8400000000000001	0.43999999999999995	-0.2655999999999996
0.8400000000000001	0.48	-0.4447999999999994
0.8400000000000001	0.52	-0.6239999999999997
0.8400000000000001	0.56	-0.8031999999999999
0.8400000000000001	0.6000000000000001	-0.9824000000000006
0.8400000000000001	0.6400000000000001	-1.1615999999999995
0.8400000000000001	0.6799999999999999	-1.3407999999999993
0.8400000000000001	0.72	-1.5199999999999996
0.8400000000000001	0.76	-1.6991999999999998
0.8400000000000001	0.8	-1.8784
0.8400000000000001	0.8400000000000001	-2.0576000000000003
0.8400000000000001	0.8800000000000001	-2.2368
0.8400000000000001	0.9199999999999999	-2.415999999999999
0.8400000000000001	0.96	-2.5951999999999993
0.8400000000000001	1.0	-2.7743999999999995
0.8800000000000001	-1.0	6.134399999999999
0.8800000000000001	-0.96	5.959999999999999
0.8800000000000001	-0.92	5.7856
0.8800000000000001	-0.88	5.6112
0.8800000000000001	-0.84	5.4368
0.8800000000000001	-0.8	5.2624
0.8800000000000001	-0.76	5.088
0.8800000000000001	-0.72	4.9136
0.8800000000000001	-0.6799999999999999	4.7392
0.8800000000000001	-0.64	4.5648
0.8800000000000001	-0.6	4.3904
0.8800000000000001	-0.56	4.216
0.8800000000000001	-0.52	4.0416
0.8800000000000001	-0.48	3.8671999999999995
0.8800000000000001	-0.43999999999999995	3.6927999999999996
0.8800000000000001	-0.4	3.5184
0.8800000000000001	-0.36	3.3440000000000003
0.8800000000000001	-0.31999999999999995	3.1696
0.8800000000000001	-0.28	2.9952
0.8800000000000001	-0.24	2.8208
0.8800000000000001	-0.19999999999999996	2.6464
0.8800000000000001	-0.16000000000000003	2.4720000000000004
0.8800000000000001	-0.12	2.2976
0.8800000000000001	-0.07999999999999996	2.1231999999999998
0.8800000000000001	-0.040000000000000036	1.9488000000000003
0.8800000000000001	0.0	1.7744000000000002
0.8800000000000001	0.040000000000000036	1.6
0.8800000000000001	0.08000000000000007	1.4256
0.8800000000000001	0.1200000000000001	1.2511999999999999
0.8800000000000001	0.15999999999999992	1.0768000000000006
0.8800000000000001	0.19999999999999996	0.9024000000000005
0.8800000000000001	0.24	0.7280000000000004
0.8800000000000001	0.28	0.5536000000000001
0.8800000000000001	0.32000000000000006	0.3792000000000004
0.8800000000000001	0.3600000000000001	0.2048000000000001
0.8800000000000001	0.40000000000000013	0.030399999999999983
0.8800000000000001	0.43999999999999995	-0.14399999999999924
0.8800000000000001	0.48	-0.31839999999999913
0.8800000000000001	0.52	-0.49279999999999946
0.8800000000000001	0.56	-0.6671999999999998
0.8800000000000001	0.6000000000000001	-0.8416000000000006
0.8800000000000001	0.6400000000000001	-1.0159999999999996
0.8800000000000001	0.6799999999999999	-1.1903999999999995
0.8800000000000001	0.72	-1.3647999999999998
0.8800000000000001	0.76	-1.5391999999999992
0.8800000000000001	0.8	-1.7135999999999996
0.8800000000000001	0.8400000000000001	-1.888
0.8800000000000001	0.8800000000000001	-2.0624000000000002
0.8800000000000001	0.9199999999999999	-2.236799999999999
0.8800000000000001	0.96	-2.411199999999999
0.8800000000000001	1.0	-2.5855999999999995
0.9199999999999999	-1.0	6.0864
0.9199999999999999	-0.96	5.9168
0.9199999999999999	-0.92	5.7472
0.9199999999999999	-0.88	5.5776
0.9199999999999999	-0.84	5.408
0.9199999999999999	-0.8	5.2384
0.9199999999999999	-0.76	5.0688
0.9199999999999999	-0.72	4.8992
0.9199999999999999	-0.6799999999999999	4.7296
0.9199999999999999	-0.64	4.5600000000000005
0.9199999999999999	-0.6	4.3904
0.9199999999999999	-0.56	4.2208000000000006
0.9199999999999999	-0.52	4.0512
0.9199999999999999	-0.48	3.8815999999999997
0.9199999999999999	-0.43999999999999995	3.7119999999999997
0.9199999999999999	-0.4	3.5424
0.9199999999999999	-0.36	3.3728
0.9199999999999999	-0.31999999999999995	3.2032
0.9199999999999999	-0.28	3.0336
0.9199999999999999	-0.24	2.864
0.9199999999999999	-0.19999999999999996	2.6944
0.9199999999999999	-0.16000000000000003	2.5248
0.9199999999999999	-0.12	2.3552
0.9199999999999999	-0.07999999999999996	2.1855999999999995
0.9199999999999999	-0.040000000000000036	2.016
0.9199999999999999	0.0	1.8463999999999998
0.9199999999999999	0.040000000000000036	1.6767999999999996
0.9199999999999999	0.08000000000000007	1.5071999999999994
0.9199999999999999	0.1200000000000001	1.3375999999999992
0.9199999999999999	0.15999999999999992	1.1680000000000001
0.9199999999999999	0.19999999999999996	0.9984
0.9199999999999999	0.24	0.8287999999999998
0.9199999999999999	0.28	0.6591999999999996
0.9199999999999999	0.32000000000000006	0.4895999999999998
0.9199999999999999	0.3600000000000001	0.3199999999999994
0.9199999999999999	0.40000000000000013	0.15039999999999942
0.9199999999999999	0.43999999999999995	-0.019200000000000106
0.9199999999999999	0.48	-0.18880000000000008
0.9199999999999999	0.52	-0.35840000000000005
0.9199999999999999	0.56	-0.5280000000000005
0.9199999999999999	0.6000000000000001	-0.6976000000000013
0.9199999999999999	0.6400000000000001	-0.8672000000000004
0.9199999999999999	0.6799999999999999	-1.0368000000000004
0.9199999999999999	0.72	-1.2064000000000004
0.9199999999999999	0.76	-1.3760000000000003
0.9199999999999999	0.8	-1.5456000000000012
0.9199999999999999	0.8400000000000001	-1.7152000000000012
0.9199999999999999	0.8800000000000001	-1.8848000000000011
0.9199999999999999	0.9199999999999999	-2.0544000000000002
0.9199999999999999	0.96	-2.224
0.9199999999999999	1.0	-2.3936
0.96	-1.0	6.0416
0.96	-0.96	5.8768
0.96	-0.92	5.712000000000001
0.96	-0.88	5.5472
0.96	-0.84	5.3824
0.96	-0.8	5.217600000000001
0.96	-0.76	5.0528
0.96	-0.72	4.888
0.96	-0.6799999999999999	4.7232
0.96	-0.64	4.558400000000001
0.96	-0.6	4.3936
0.96	-0.56	4.228800000000001
0.96	-0.52	4.064
0.96	-0.48	3.8992
0.96	-0.43999999999999995	3.7344
0.96	-0.4	3.5696000000000003
0.96	-0.36	3.4048
0.96	-0.31999999999999995	3.2399999999999998
0.96	-0.28	3.0752
0.96	-0.24	2.9104
0.96	-0.19999999999999996	2.7455999999999996
0.96	-0.16000000000000003	2.5808
0.96	-0.12	2.416
0.96	-0.07999999999999996	2.2512
0.96	-0.040000000000000036	2.0864000000000003
0.96	0.0	1.9216
0.96	0.040000000000000036	1.7568
0.96	0.08000000000000007	1.5919999999999996
0.96	0.1200000000000001	1.4271999999999996
0.96	0.15999999999999992	1.2624000000000002
0.96	0.19999999999999996	1.0976000000000001
0.96	0.24	0.9328000000000001
0.96	0.28	0.7679999999999998
0.96	0.32000000000000006	0.6032
0.96	0.3600000000000001	0.4383999999999997
0.96	0.40000000000000013	0.2735999999999996
0.96	0.43999999999999995	0.10880000000000001
0.96	0.48	-0.05600000000000005
0.96	0.52	-0.2208000000000001
0.96	0.56	-0.3856000000000006
0.96	0.6000000000000001	-0.5504000000000007
0.96	0.6400000000000001	-0.7152000000000003
0.96	0.6799999999999999	-0.8799999999999999
0.96	0.72	-1.0448000000000004
0.96	0.76	-1.2096
0.96	0.8	-1.3744000000000005
0.96	0.8400000000000001	-1.539200000000001
0.96	0.8800000000000001	-1.7040000000000006
0.96	0.9199999999999999	-1.8688000000000002
0.96	0.96	-2.0336
0.96	1.0	-2.1984000000000004
1.0	-1.0	6.0
1.0	-0.96	5.84
1.0	-0.92	5.68
1.0	-0.88	5.52
1.0	-0.84	5.359999999999999
1.0	-0.8	5.2
1.0	-0.76	5.04
1.0	-0.72	4.88
1.0	-0.6799999999999999	4.72
1.0	-0.64	4.5600000000000005
1.0	-0.6	4.4
1.0	-0.56	4.24
1.0	-0.52	4.08
1.0	-0.48	3.92
1.0	-0.43999999999999995	3.76
1.0	-0.4	3.6
1.0	-0.36	3.44
1.0	-0.31999999999999995	3.28
1.0	-0.28	3.12
1.0	-0.24	2.96
1.0	-0.19999999999999996	2.8
1.0	-0.16000000000000003	2.64
1.0	-0.12	2.48
1.0	-0.07999999999999996	2.32
1.0	-0.040000000000000036	2.16
1.0	0.0	2.0
1.0	0.040000000000000036	1.8399999999999999
1.0	0.08000000000000007	1.6799999999999997
1.0	0.1200000000000001	1.5199999999999996
1.0	0.15999999999999992	1.3600000000000003
1.0	0.19999999999999996	1.2000000000000002
1.0	0.24	1.04
1.0	0.28	0.8799999999999999
1.0	0.32000000000000006	0.72
1.0	0.3600000000000001	0.5599999999999996
1.0	0.40000000000000013	0.39999999999999947
1.0	0.43999999999999995	0.2400000000000002
1.0	0.48	0.08000000000000007
1.0	0.52	-0.08000000000000007
1.0	0.56	-0.2400000000000002
1.0	0.6000000000000001	-0.4000000000000008
1.0	0.6400000000000001	-0.56
1.0	0.6799999999999999	-0.7199999999999998
1.0	0.72	-0.8799999999999999
1.0	0.76	-1.04
1.0	0.8	-1.2000000000000002
1.0	0.8400000000000001	-1.3600000000000003
1.0	0.8800000000000001	-1.5200000000000005
1.0	0.9199999999999999	-1.6799999999999997
1.0	0.96	-1.8399999999999999
1.0	1.0	-2.0