2 100 -5 5 2601
0.0	0.0	2.0
0.0	0.02	2.0
0.0	0.04	2.0
0.0	0.06	2.0
0.0	0.08	2.0
0.0	0.1	2.0
0.0	0.12	2.0
0.0	0.14	2.0
0.0	0.16	2.0
0.0	0.18	2.0
0.0	0.2	2.0
0.0	0.22	2.0
0.0	0.24	2.0
0.0	0.26	2.0
0.0	0.28	2.0
0.0	0.3	2.0
0.0	0.32	2.0
0.0	0.34	2.0
0.0	0.36	2.0
0.0	0.38	2.0
0.0	0.4	2.0
0.0	0.42	2.0
0.0	0.44	2.0
0.0	0.46	2.0
0.0	0.48	2.0
0.0	0.5	2.0
0.0	0.52	2.0
0.0	0.54	2.0
0.0	0.56	2.0
0.0	0.58	2.0
0.0	0.6	2.0
0.0	0.62	2.0
0.0	0.64	2.0
0.0	0.66	2.0
0.0	0.68	2.0
0.0	0.7000000000000001	2.0
0.0	0.72	2.0
0.0	0.74	2.0
0.0	0.76	2.0
0.0	0.78	2.0
0.0	0.8	2.0
0.0	0.8200000000000001	2.0
0.0	0.84	2.0
0.0	0.86	2.0
0.0	0.88	2.0
0.0	0.9	2.0
0.0	0.92	2.0
0.0	0.9400000000000001	2.0
0.0	0.96	2.0
0.0	0.98	2.0
0.0	1.0	2.0
0.02	0.0	2.009599846667322
0.02	0.02	2.009599846667322
0.02	0.04	2.009599846667322
0.02	0.06	2.009599846667322
0.02	0.08	2.009599846667322
0.02	0.1	2.009599846667322
0.02	0.12	2.009599846667322
0.02	0.14	2.009599846667322
0.02	0.16	2.009599846667322
0.02	0.18	2.009599846667322
0.02	0.2	2.009599846667322
0.02	0.22	2.009599846667322
0.02	0.24	2.009599846667322
0.02	0.26	2.009599846667322
0.02	0.28	2.009599846667322
0.02	0.3	2.009599846667322
0.02	0.32	2.009599846667322
0.02	0.34	2.009599846667322
0.02	0.36	2.009599846667322
0.02	0.38	2.009599846667322
0.02	0.4	2.009599846667322
0.02	0.42	2.009599846667322
0.02	0.44	2.009599846667322
0.02	0.46	2.009599846667322
0.02	0.48	2.009599846667322
0.02	0.5	2.009599846667322
0.02	0.52	2.009599846667322
0.02	0.54	2.009599846667322
0.02	0.56	2.009599846667322
0.02	0.58	2.009599846667322
0.02	0.6	2.009599846667322
0.02	0.62	2.009599846667322
0.02	0.64	2.009599846667322
0.02	0.66	2.009599846667322
0.02	0.68	2.009599846667322
0.02	0.7000000000000001	2.009599846667322
0.02	0.72	2.009599846667322
0.02	0.74	2.009599846667322
0.02	0.76	2.009599846667322
0.02	0.78	2.009599846667322
0.02	0.8	2.009599846667322
0.02	0.8200000000000001	2.009599846667322
0.02	0.84	2.009599846667322
0.02	0.86	2.009599846667322
0.02	0.88	2.009599846667322
0.02	0.9	2.009599846667322
0.02	0.92	2.009599846667322
0.02	0.9400000000000001	2.009599846667322
0.02	0.96	2.009599846667322
0.02	0.98	2.009599846667322
0.02	1.0	2.009599846667322
0.04	0.0	2.018398880015289
0.04	0.02	2.018398880015289
0.04	0.04	2.018398880015289
0.04	0.06	2.018398880015289
0.04	0.08	2.018398880015289
0.04	0.1	2.018398880015289
0.04	0.12	2.018398880015289
0.04	0.14	2.018398880015289
0.04	0.16	2.018398880015289
0.04	0.18	2.018398880015289
0.04	0.2	2.018398880015289
0.04	0.22	2.018398880015289
0.04	0.24	2.018398880015289
0.04	0.26	2.018398880015289
0.04	0.28	2.018398880015289
0.04	0.3	2.018398880015289
0.04	0.32	2.018398880015289
0.04	0.34	2.018398880015289
0.04	0.36	2.018398880015289
0.04	0.38	2.018398880015289
0.04	0.4	2.018398880015289
0.04	0.42	2.018398880015289
0.04	0.44	2.018398880015289
0.04	0.46	2.018398880015289
0.04	0.48	2.018398880015289
0.04	0.5	2.018398880015289
0.04	0.52	2.018398880015289
0.04	0.54	2.018398880015289
0.04	0.56	2.018398880015289
0.04	0.58	2.018398880015289
0.04	0.6	2.018398880015289
0.04	0.62	2.018398880015289
0.04	0.64	2.018398880015289
0.04	0.66	2.018398880015289
0.04	0.68	2.018398880015289
0.04	0.7000000000000001	2.018398880015289
0.04	0.72	2.018398880015289
0.04	0.74	2.018398880015289
0.04	0.76	2.018398880015289
0.04	0.78	2.018398880015289
0.04	0.8	2.018398880015289
0.04	0.8200000000000001	2.018398880015289
0.04	0.84	2.018398880015289
0.04	0.86	2.018398880015289
0.04	0.88	2.018398880015289
0.04	0.9	2.018398880015289
0.04	0.92	2.018398880015289
0.04	0.9400000000000001	2.018398880015289
0.04	0.96	2.018398880015289
0.04	0.98	2.018398880015289
0.04	1.0	2.018398880015289
0.06	0.0	2.026396580072904
0.06	0.02	2.026396580072904
0.06	0.04	2.026396580072904
0.06	0.06	2.026396580072904
0.06	0.08	2.026396580072904
0.06	0.1	2.026396580072904
0.06	0.12	2.026396580072904
0.06	0.14	2.026396580072904
0.06	0.16	2.026396580072904
0.06	0.18	2.026396580072904
0.06	0.2	2.026396580072904
0.06	0.22	2.026396580072904
0.06	0.24	2.026396580072904
0.06	0.26	2.026396580072904
0.06	0.28	2.026396580072904
0.06	0.3	2.026396580072904
0.06	0.32	2.026396580072904
0.06	0.34	2.026396580072904
0.06	0.36	2.026396580072904
0.06	0.38	2.026396580072904
0.06	0.4	2.026396580072904
0.06	0.42	2.026396580072904
0.06	0.44	2.026396580072904
0.06	0.46	2.026396580072904
0.06	0.48	2.026396580072904
0.06	0.5	2.026396580072904
0.06	0.52	2.026396580072904
0.06	0.54	2.026396580072904
0.06	0.56	2.026396580072904
0.06	0.58	2.026396580072904
0.06	0.6	2.026396580072904
0.06	0.62	2.026396580072904
0.06	0.64	2.026396580072904
0.06	0.66	2.026396580072904
0.06	0.68	2.026396580072904
0.06	0.7000000000000001	2.026396580072904
0.06	0.72	2.026396580072904
0.06	0.74	2.026396580072904
0.06	0.76	2.026396580072904
0.06	0.78	2.026396580072904
0.06	0.8	2.026396580072904
0.06	0.8200000000000001	2.026396580072904
0.06	0.84	2.026396580072904
0.06	0.86	2.026396580072904
0.06	0.88	2.026396580072904
0.06	0.9	2.026396580072904
0.06	0.92	2.026396580072904
0.06	0.9400000000000001	2.026396580072904
0.06	0.96	2.026396580072904
0.06	0.98	2.026396580072904
0.06	1.0	2.026396580072904
0.08	0.0	2.033592746791873
0.08	0.02	2.033592746791873
0.08	0.04	2.033592746791873
0.08	0.06	2.033592746791873
0.08	0.08	2.033592746791873
0.08	0.1	2.033592746791873
0.08	0.12	2.033592746791873
0.08	0.14	2.033592746791873
0.08	0.16	2.033592746791873
0.08	0.18	2.033592746791873
0.08	0.2	2.033592746791873
0.08	0.22	2.033592746791873
0.08	0.24	2.033592746791873
0.08	0.26	2.033592746791873
0.08	0.28	2.033592746791873
0.08	0.3	2.033592746791873
0.08	0.32	2.033592746791873
0.08	0.34	2.033592746791873
0.08	0.36	2.033592746791873
0.08	0.38	2.033592746791873
0.08	0.4	2.033592746791873
0.08	0.42	2.033592746791873
0.08	0.44	2.033592746791873
0.08	0.46	2.033592746791873
0.08	0.48	2.033592746791873
0.08	0.5	2.033592746791873
0.08	0.52	2.033592746791873
0.08	0.54	2.033592746791873
0.08	0.56	2.033592746791873
0.08	0.58	2.033592746791873
0.08	0.6	2.033592746791873
0.08	0.62	2.033592746791873
0.08	0.64	2.033592746791873
0.08	0.66	2.033592746791873
0.08	0.68	2.033592746791873
0.08	0.7000000000000001	2.033592746791873
0.08	0.72	2.033592746791873
0.08	0.74	2.033592746791873
0.08	0.76	2.033592746791873
0.08	0.78	2.033592746791873
0.08	0.8	2.033592746791873
0.08	0.8200000000000001	2.033592746791873
0.08	0.84	2.033592746791873
0.08	0.86	2.033592746791873
0.08	0.88	2.033592746791873
0.08	0.9	2.033592746791873
0.08	0.92	2.033592746791873
0.08	0.9400000000000001	2.033592746791873
0.08	0.96	2.033592746791873
0.08	0.98	2.033592746791873
0.08	1.0	2.033592746791873
0.1	0.0	2.0399874998267298
0.1	0.02	2.0399874998267298
0.1	0.04	2.0399874998267298
0.1	0.06	2.0399874998267298
0.1	0.08	2.0399874998267298
0.1	0.1	2.0399874998267298
0.1	0.12	2.0399874998267298
0.1	0.14	2.0399874998267298
0.1	0.16	2.0399874998267298
0.1	0.18	2.0399874998267298
0.1	0.2	2.0399874998267298
0.1	0.22	2.0399874998267298
0.1	0.24	2.0399874998267298
0.1	0.26	2.0399874998267298
0.1	0.28	2.0399874998267298
0.1	0.3	2.0399874998267298
0.1	0.32	2.0399874998267298
0.1	0.34	2.0399874998267298
0.1	0.36	2.0399874998267298
0.1	0.38	2.0399874998267298
0.1	0.4	2.0399874998267298
0.1	0.42	2.0399874998267298
0.1	0.44	2.0399874998267298
0.1	0.46	2.0399874998267298
0.1	0.48	2.0399874998267298
0.1	0.5	2.0399874998267298
0.1	0.52	2.0399874998267298
0.1	0.54	2.0399874998267298
0.1	0.56	2.0399874998267298
0.1	0.58	2.0399874998267298
0.1	0.6	2.0399874998267298
0.1	0.62	2.0399874998267298
0.1	0.64	2.0399874998267298
0.1	0.66	2.0399874998267298
0.1	0.68	2.0399874998267298
0.1	0.7000000000000001	2.0399874998267298
0.1	0.72	2.0399874998267298
0.1	0.74	2.0399874998267298
0.1	0.76	2.0399874998267298
0.1	0.78	2.0399874998267298
0.1	0.8	2.0399874998267298
0.1	0.8200000000000001	2.0399874998267298
0.1	0.84	2.0399874998267298
0.1	0.86	2.0399874998267298
0.1	0.88	2.0399874998267298
0.1	0.9	2.0399874998267298
0.1	0.92	2.0399874998267298
0.1	0.9400000000000001	2.0399874998267298
0.1	0.96	2.0399874998267298
0.1	0.98	2.0399874998267298
0.1	1.0	2.0399874998267298
0.12	0.0	2.045581278187177
0.12	0.02	2.045581278187177
0.12	0.04	2.045581278187177
0.12	0.06	2.045581278187177
0.12	0.08	2.045581278187177
0.12	0.1	2.045581278187177
0.12	0.12	2.045581278187177
0.12	0.14	2.045581278187177
0.12	0.16	2.045581278187177
0.12	0.18	2.045581278187177
0.12	0.2	2.045581278187177
0.12	0.22	2.045581278187177
0.12	0.24	2.045581278187177
0.12	0.26	2.045581278187177
0.12	0.28	2.045581278187177
0.12	0.3	2.045581278187177
0.12	0.32	2.045581278187177
0.12	0.34	2.045581278187177
0.12	0.36	2.045581278187177
0.12	0.38	2.045581278187177
0.12	0.4	2.045581278187177
0.12	0.42	2.045581278187177
0.12	0.44	2.045581278187177
0.12	0.46	2.045581278187177
0.12	0.48	2.045581278187177
0.12	0.5	2.045581278187177
0.12	0.52	2.045581278187177
0.12	0.54	2.045581278187177
0.12	0.56	2.045581278187177
0.12	0.58	2.045581278187177
0.12	0.6	2.045581278187177
0.12	0.62	2.045581278187177
0.12	0.64	2.045581278187177
0.12	0.66	2.045581278187177
0.12	0.68	2.045581278187177
0.12	0.7000000000000001	2.045581278187177
0.12	0.72	2.045581278187177
0.12	0.74	2.045581278187177
0.12	0.76	2.045581278187177
0.12	0.78	2.045581278187177
0.12	0.8	2.045581278187177
0.12	0.8200000000000001	2.045581278187177
0.12	0.84	2.045581278187177
0.12	0.86	2.045581278187177
0.12	0.88	2.045581278187177
0.12	0.9	2.045581278187177
0.12	0.92	2.045581278187177
0.12	0.9400000000000001	2.045581278187177
0.12	0.96	2.045581278187177
0.12	0.98	2.045581278187177
0.12	1.0	2.045581278187177
0.14	0.0	2.050374839762807
0.14	0.02	2.050374839762807
0.14	0.04	2.050374839762807
0.14	0.06	2.050374839762807
0.14	0.08	2.050374839762807
0.14	0.1	2.050374839762807
0.14	0.12	2.050374839762807
0.14	0.14	2.050374839762807
0.14	0.16	2.050374839762807
0.14	0.18	2.050374839762807
0.14	0.2	2.050374839762807
0.14	0.22	2.050374839762807
0.14	0.24	2.050374839762807
0.14	0.26	2.050374839762807
0.14	0.28	2.050374839762807
0.14	0.3	2.050374839762807
0.14	0.32	2.050374839762807
0.14	0.34	2.050374839762807
0.14	0.36	2.050374839762807
0.14	0.38	2.050374839762807
0.14	0.4	2.050374839762807
0.14	0.42	2.050374839762807
0.14	0.44	2.050374839762807
0.14	0.46	2.050374839762807
0.14	0.48	2.050374839762807
0.14	0.5	2.050374839762807
0.14	0.52	2.050374839762807
0.14	0.54	2.050374839762807
0.14	0.56	2.050374839762807
0.14	0.58	2.050374839762807
0.14	0.6	2.050374839762807
0.14	0.62	2.050374839762807
0.14	0.64	2.050374839762807
0.14	0.66	2.050374839762807
0.14	0.68	2.050374839762807
0.14	0.7000000000000001	2.050374839762807
0.14	0.72	2.050374839762807
0.14	0.74	2.050374839762807
0.14	0.76	2.050374839762807
0.14	0.78	2.050374839762807
0.14	0.8	2.050374839762807
0.14	0.8200000000000001	2.050374839762807
0.14	0.84	2.050374839762807
0.14	0.86	2.050374839762807
0.14	0.88	2.050374839762807
0.14	0.9	2.050374839762807
0.14	0.92	2.050374839762807
0.14	0.9400000000000001	2.050374839762807
0.14	0.96	2.050374839762807
0.14	0.98	2.050374839762807
0.14	1.0	2.050374839762807
0.16	0.0	2.0543692607204265
0.16	0.02	2.0543692607204265
0.16	0.04	2.0543692607204265
0.16	0.06	2.0543692607204265
0.16	0.08	2.0543692607204265
0.16	0.1	2.0543692607204265
0.16	0.12	2.0543692607204265
0.16	0.14	2.0543692607204265
0.16	0.16	2.0543692607204265
0.16	0.18	2.0543692607204265
0.16	0.2	2.0543692607204265
0.16	0.22	2.0543692607204265
0.16	0.24	2.0543692607204265
0.16	0.26	2.0543692607204265
0.16	0.28	2.0543692607204265
0.16	0.3	2.0543692607204265
0.16	0.32	2.0543692607204265
0.16	0.34	2.0543692607204265
0.16	0.36	2.0543692607204265
0.16	0.38	2.0543692607204265
0.16	0.4	2.0543692607204265
0.16	0.42	2.0543692607204265
0.16	0.44	2.0543692607204265
0.16	0.46	2.0543692607204265
0.16	0.48	2.0543692607204265
0.16	0.5	2.0543692607204265
0.16	0.52	2.0543692607204265
0.16	0.54	2.0543692607204265
0.16	0.56	2.0543692607204265
0.16	0.58	2.0543692607204265
0.16	0.6	2.0543692607204265
0.16	0.62	2.0543692607204265
0.16	0.64	2.0543692607204265
0.16	0.66	2.0543692607204265
0.16	0.68	2.0543692607204265
0.16	0.7000000000000001	2.0543692607204265
0.16	0.72	2.0543692607204265
0.16	0.74	2.0543692607204265
0.16	0.76	2.0543692607204265
0.16	0.78	2.0543692607204265
0.16	0.8	2.0543692607204265
0.16	0.8200000000000001	2.0543692607204265
0.16	0.84	2.0543692607204265
0.16	0.86	2.0543692607204265
0.16	0.88	2.0543692607204265
0.16	0.9	2.0543692607204265
0.16	0.92	2.0543692607204265
0.16	0.9400000000000001	2.0543692607204265
0.16	0.96	2.0543692607204265
0.16	0.98	2.0543692607204265
0.16	1.0	2.0543692607204265
0.18	0.0	2.057565934774254
0.18	0.02	2.057565934774254
0.18	0.04	2.057565934774254
0.18	0.06	2.057565934774254
0.18	0.08	2.057565934774254
0.18	0.1	2.057565934774254
0.18	0.12	2.057565934774254
0.18	0.14	2.057565934774254
0.18	0.16	2.057565934774254
0.18	0.18	2.057565934774254
0.18	0.2	2.057565934774254
0.18	0.22	2.057565934774254
0.18	0.24	2.057565934774254
0.18	0.26	2.057565934774254
0.18	0.28	2.057565934774254
0.18	0.3	2.057565934774254
0.18	0.32	2.057565934774254
0.18	0.34	2.057565934774254
0.18	0.36	2.057565934774254
0.18	0.38	2.057565934774254
0.18	0.4	2.057565934774254
0.18	0.42	2.057565934774254
0.18	0.44	2.057565934774254
0.18	0.46	2.057565934774254
0.18	0.48	2.057565934774254
0.18	0.5	2.057565934774254
0.18	0.52	2.057565934774254
0.18	0.54	2.057565934774254
0.18	0.56	2.057565934774254
0.18	0.58	2.057565934774254
0.18	0.6	2.057565934774254
0.18	0.62	2.057565934774254
0.18	0.64	2.057565934774254
0.18	0.66	2.057565934774254
0.18	0.68	2.057565934774254
0.18	0.7000000000000001	2.057565934774254
0.18	0.72	2.057565934774254
0.18	0.74	2.057565934774254
0.18	0.76	2.057565934774254
0.18	0.78	2.057565934774254
0.18	0.8	2.057565934774254
0.18	0.8200000000000001	2.057565934774254
0.18	0.84	2.057565934774254
0.18	0.86	2.057565934774254
0.18	0.88	2.057565934774254
0.18	0.9	2.057565934774254
0.18	0.92	2.057565934774254
0.18	0.9400000000000001	2.057565934774254
0.18	0.96	2.057565934774254
0.18	0.98	2.057565934774254
0.18	1.0	2.057565934774254
0.2	0.0	2.0599665723293112
0.2	0.02	2.0599665723293112
0.2	0.04	2.0599665723293112
0.2	0.06	2.0599665723293112
0.2	0.08	2.0599665723293112
0.2	0.1	2.0599665723293112
0.2	0.12	2.0599665723293112
0.2	0.14	2.0599665723293112
0.2	0.16	2.0599665723293112
0.2	0.18	2.0599665723293112
0.2	0.2	2.0599665723293112
0.2	0.22	2.0599665723293112
0.2	0.24	2.0599665723293112
0.2	0.26	2.0599665723293112
0.2	0.28	2.0599665723293112
0.2	0.3	2.0599665723293112
0.2	0.32	2.0599665723293112
0.2	0.34	2.0599665723293112
0.2	0.36	2.0599665723293112
0.2	0.38	2.0599665723293112
0.2	0.4	2.0599665723293112
0.2	0.42	2.0599665723293112
0.2	0.44	2.0599665723293112
0.2	0.46	2.0599665723293112
0.2	0.48	2.0599665723293112
0.2	0.5	2.0599665723293112
0.2	0.52	2.0599665723293112
0.2	0.54	2.0599665723293112
0.2	0.56	2.0599665723293112
0.2	0.58	2.0599665723293112
0.2	0.6	2.0599665723293112
0.2	0.62	2.0599665723293112
0.2	0.64	2.0599665723293112
0.2	0.66	2.0599665723293112
0.2	0.68	2.0599665723293112
0.2	0.7000000000000001	2.0599665723293112
0.2	0.72	2.0599665723293112
0.2	0.74	2.0599665723293112
0.2	0.76	2.0599665723293112
0.2	0.78	2.0599665723293112
0.2	0.8	2.0599665723293112
0.2	0.8200000000000001	2.0599665723293112
0.2	0.84	2.0599665723293112
0.2	0.86	2.0599665723293112
0.2	0.88	2.0599665723293112
0.2	0.9	2.0599665723293112
0.2	0.92	2.0599665723293112
0.2	0.9400000000000001	2.0599665723293112
0.2	0.96	2.0599665723293112
0.2	0.98	2.0599665723293112
0.2	1.0	2.0599665723293112
0.22	0.0	2.061573199498386
0.22	0.02	2.061573199498386
0.22	0.04	2.061573199498386
0.22	0.06	2.061573199498386
0.22	0.08	2.061573199498386
0.22	0.1	2.061573199498386
0.22	0.12	2.061573199498386
0.22	0.14	2.061573199498386
0.22	0.16	2.061573199498386
0.22	0.18	2.061573199498386
0.22	0.2	2.061573199498386
0.22	0.22	2.061573199498386
0.22	0.24	2.061573199498386
0.22	0.26	2.061573199498386
0.22	0.28	2.061573199498386
0.22	0.3	2.061573199498386
0.22	0.32	2.061573199498386
0.22	0.34	2.061573199498386
0.22	0.36	2.061573199498386
0.22	0.38	2.061573199498386
0.22	0.4	2.061573199498386
0.22	0.42	2.061573199498386
0.22	0.44	2.061573199498386
0.22	0.46	2.061573199498386
0.22	0.48	2.061573199498386
0.22	0.5	2.061573199498386
0.22	0.52	2.061573199498386
0.22	0.54	2.061573199498386
0.22	0.56	2.061573199498386
0.22	0.58	2.061573199498386
0.22	0.6	2.061573199498386
0.22	0.62	2.061573199498386
0.22	0.64	2.061573199498386
0.22	0.66	2.061573199498386
0.22	0.68	2.061573199498386
0.22	0.7000000000000001	2.061573199498386
0.22	0.72	2.061573199498386
0.22	0.74	2.061573199498386
0.22	0.76	2.061573199498386
0.22	0.78	2.061573199498386
0.22	0.8	2.061573199498386
0.22	0.8200000000000001	2.061573199498386
0.22	0.84	2.061573199498386
0.22	0.86	2.061573199498386
0.22	0.88	2.061573199498386
0.22	0.9	2.061573199498386
0.22	0.92	2.061573199498386
0.22	0.9400000000000001	2.061573199498386
0.22	0.96	2.061573199498386
0.22	0.98	2.061573199498386
0.22	1.0	2.061573199498386
0.24	0.0	2.0623881569929785
0.24	0.02	2.0623881569929785
0.24	0.04	2.0623881569929785
0.24	0.06	2.0623881569929785
0.24	0.08	2.0623881569929785
0.24	0.1	2.0623881569929785
0.24	0.12	2.0623881569929785
0.24	0.14	2.0623881569929785
0.24	0.16	2.0623881569929785
0.24	0.18	2.0623881569929785
0.24	0.2	2.0623881569929785
0.24	0.22	2.0623881569929785
0.24	0.24	2.0623881569929785
0.24	0.26	2.0623881569929785
0.24	0.28	2.0623881569929785
0.24	0.3	2.0623881569929785
0.24	0.32	2.0623881569929785
0.24	0.34	2.0623881569929785
0.24	0.36	2.0623881569929785
0.24	0.38	2.0623881569929785
0.24	0.4	2.0623881569929785
0.24	0.42	2.0623881569929785
0.24	0.44	2.0623881569929785
0.24	0.46	2.0623881569929785
0.24	0.48	2.0623881569929785
0.24	0.5	2.0623881569929785
0.24	0.52	2.0623881569929785
0.24	0.54	2.0623881569929785
0.24	0.56	2.0623881569929785
0.24	0.58	2.0623881569929785
0.24	0.6	2.0623881569929785
0.24	0.62	2.0623881569929785
0.24	0.64	2.0623881569929785
0.24	0.66	2.0623881569929785
0.24	0.68	2.0623881569929785
0.24	0.7000000000000001	2.0623881569929785
0.24	0.72	2.0623881569929785
0.24	0.74	2.0623881569929785
0.24	0.76	2.0623881569929785
0.24	0.78	2.0623881569929785
0.24	0.8	2.0623881569929785
0.24	0.8200000000000001	2.0623881569929785
0.24	0.84	2.0623881569929785
0.24	0.86	2.0623881569929785
0.24	0.88	2.0623881569929785
0.24	0.9	2.0623881569929785
0.24	0.92	2.0623881569929785
0.24	0.9400000000000001	2.0623881569929785
0.24	0.96	2.0623881569929785
0.24	0.98	2.0623881569929785
0.24	1.0	2.0623881569929785
0.26	0.0	2.062414098888721
0.26	0.02	2.062414098888721
0.26	0.04	2.062414098888721
0.26	0.06	2.062414098888721
0.26	0.08	2.062414098888721
0.26	0.1	2.062414098888721
0.26	0.12	2.062414098888721
0.26	0.14	2.062414098888721
0.26	0.16	2.062414098888721
0.26	0.18	2.062414098888721
0.26	0.2	2.062414098888721
0.26	0.22	2.062414098888721
0.26	0.24	2.062414098888721
0.26	0.26	2.062414098888721
0.26	0.28	2.062414098888721
0.26	0.3	2.062414098888721
0.26	0.32	2.062414098888721
0.26	0.34	2.062414098888721
0.26	0.36	2.062414098888721
0.26	0.38	2.062414098888721
0.26	0.4	2.062414098888721
0.26	0.42	2.062414098888721
0.26	0.44	2.062414098888721
0.26	0.46	2.062414098888721
0.26	0.48	2.062414098888721
0.26	0.5	2.062414098888721
0.26	0.52	2.062414098888721
0.26	0.54	2.062414098888721
0.26	0.56	2.062414098888721
0.26	0.58	2.062414098888721
0.26	0.6	2.062414098888721
0.26	0.62	2.062414098888721
0.26	0.64	2.062414098888721
0.26	0.66	2.062414098888721
0.26	0.68	2.062414098888721
0.26	0.7000000000000001	2.062414098888721
0.26	0.72	2.062414098888721
0.26	0.74	2.062414098888721
0.26	0.76	2.062414098888721
0.26	0.78	2.062414098888721
0.26	0.8	2.062414098888721
0.26	0.8200000000000001	2.062414098888721
0.26	0.84	2.062414098888721
0.26	0.86	2.062414098888721
0.26	0.88	2.062414098888721
0.26	0.9	2.062414098888721
0.26	0.92	2.062414098888721
0.26	0.9400000000000001	2.062414098888721
0.26	0.96	2.062414098888721
0.26	0.98	2.062414098888721
0.26	1.0	2.062414098888721
0.28	0.0	2.061653991265778
0.28	0.02	2.061653991265778
0.28	0.04	2.061653991265778
0.28	0.06	2.061653991265778
0.28	0.08	2.061653991265778
0.28	0.1	2.061653991265778
0.28	0.12	2.061653991265778
0.28	0.14	2.061653991265778
0.28	0.16	2.061653991265778
0.28	0.18	2.061653991265778
0.28	0.2	2.061653991265778
0.28	0.22	2.061653991265778
0.28	0.24	2.061653991265778
0.28	0.26	2.061653991265778
0.28	0.28	2.061653991265778
0.28	0.3	2.061653991265778
0.28	0.32	2.061653991265778
0.28	0.34	2.061653991265778
0.28	0.36	2.061653991265778
0.28	0.38	2.061653991265778
0.28	0.4	2.061653991265778
0.28	0.42	2.061653991265778
0.28	0.44	2.061653991265778
0.28	0.46	2.061653991265778
0.28	0.48	2.061653991265778
0.28	0.5	2.061653991265778
0.28	0.52	2.061653991265778
0.28	0.54	2.061653991265778
0.28	0.56	2.061653991265778
0.28	0.58	2.061653991265778
0.28	0.6	2.061653991265778
0.28	0.62	2.061653991265778
0.28	0.64	2.061653991265778
0.28	0.66	2.061653991265778
0.28	0.68	2.061653991265778
0.28	0.7000000000000001	2.061653991265778
0.28	0.72	2.061653991265778
0.28	0.74	2.061653991265778
0.28	0.76	2.061653991265778
0.28	0.78	2.061653991265778
0.28	0.8	2.061653991265778
0.28	0.8200000000000001	2.061653991265778
0.28	0.84	2.061653991265778
0.28	0.86	2.061653991265778
0.28	0.88	2.061653991265778
0.28	0.9	2.061653991265778
0.28	0.92	2.061653991265778
0.28	0.9400000000000001	2.061653991265778
0.28	0.96	2.061653991265778
0.28	0.98	2.061653991265778
0.28	1.0	2.061653991265778
0.3	0.0	2.060111110724811
0.3	0.02	2.060111110724811
0.3	0.04	2.060111110724811
0.3	0.06	2.060111110724811
0.3	0.08	2.060111110724811
0.3	0.1	2.060111110724811
0.3	0.12	2.060111110724811
0.3	0.14	2.060111110724811
0.3	0.16	2.060111110724811
0.3	0.18	2.060111110724811
0.3	0.2	2.060111110724811
0.3	0.22	2.060111110724811
0.3	0.24	2.060111110724811
0.3	0.26	2.060111110724811
0.3	0.28	2.060111110724811
0.3	0.3	2.060111110724811
0.3	0.32	2.060111110724811
0.3	0.34	2.060111110724811
0.3	0.36	2.060111110724811
0.3	0.38	2.060111110724811
0.3	0.4	2.060111110724811
0.3	0.42	2.060111110724811
0.3	0.44	2.060111110724811
0.3	0.46	2.060111110724811
0.3	0.48	2.060111110724811
0.3	0.5	2.060111110724811
0.3	0.52	2.060111110724811
0.3	0.54	2.060111110724811
0.3	0.56	2.060111110724811
0.3	0.58	2.060111110724811
0.3	0.6	2.060111110724811
0.3	0.62	2.060111110724811
0.3	0.64	2.060111110724811
0.3	0.66	2.060111110724811
0.3	0.68	2.060111110724811
0.3	0.7000000000000001	2.060111110724811
0.3	0.72	2.060111110724811
0.3	0.74	2.060111110724811
0.3	0.76	2.060111110724811
0.3	0.78	2.060111110724811
0.3	0.8	2.060111110724811
0.3	0.8200000000000001	2.060111110724811
0.3	0.84	2.060111110724811
0.3	0.86	2.060111110724811
0.3	0.88	2.060111110724811
0.3	0.9	2.060111110724811
0.3	0.92	2.060111110724811
0.3	0.9400000000000001	2.060111110724811
0.3	0.96	2.060111110724811
0.3	0.98	2.060111110724811
0.3	1.0	2.060111110724811
0.32	0.0	2.0577890427791274
0.32	0.02	2.0577890427791274
0.32	0.04	2.0577890427791274
0.32	0.06	2.0577890427791274
0.32	0.08	2.0577890427791274
0.32	0.1	2.0577890427791274
0.32	0.12	2.0577890427791274
0.32	0.14	2.0577890427791274
0.32	0.16	2.0577890427791274
0.32	0.18	2.0577890427791274
0.32	0.2	2.0577890427791274
0.32	0.22	2.0577890427791274
0.32	0.24	2.0577890427791274
0.32	0.26	2.0577890427791274
0.32	0.28	2.0577890427791274
0.32	0.3	2.0577890427791274
0.32	0.32	2.0577890427791274
0.32	0.34	2.0577890427791274
0.32	0.36	2.0577890427791274
0.32	0.38	2.0577890427791274
0.32	0.4	2.0577890427791274
0.32	0.42	2.0577890427791274
0.32	0.44	2.0577890427791274
0.32	0.46	2.0577890427791274
0.32	0.48	2.0577890427791274
0.32	0.5	2.0577890427791274
0.32	0.52	2.0577890427791274
0.32	0.54	2.0577890427791274
0.32	0.56	2.0577890427791274
0.32	0.58	2.0577890427791274
0.32	0.6	2.0577890427791274
0.32	0.62	2.0577890427791274
0.32	0.64	2.0577890427791274
0.32	0.66	2.0577890427791274
0.32	0.68	2.0577890427791274
0.32	0.7000000000000001	2.0577890427791274
0.32	0.72	2.0577890427791274
0.32	0.74	2.0577890427791274
0.32	0.76	2.0577890427791274
0.32	0.78	2.0577890427791274
0.32	0.8	2.0577890427791274
0.32	0.8200000000000001	2.0577890427791274
0.32	0.84	2.0577890427791274
0.32	0.86	2.0577890427791274
0.32	0.88	2.0577890427791274
0.32	0.9	2.0577890427791274
0.32	0.92	2.0577890427791274
0.32	0.9400000000000001	2.0577890427791274
0.32	0.96	2.0577890427791274
0.32	0.98	2.0577890427791274
0.32	1.0	2.0577890427791274
0.34	0.0	2.0546916801236885
0.34	0.02	2.0546916801236885
0.34	0.04	2.0546916801236885
0.34	0.06	2.0546916801236885
0.34	0.08	2.0546916801236885
0.34	0.1	2.0546916801236885
0.34	0.12	2.0546916801236885
0.34	0.14	2.0546916801236885
0.34	0.16	2.0546916801236885
0.34	0.18	2.0546916801236885
0.34	0.2	2.0546916801236885
0.34	0.22	2.0546916801236885
0.34	0.24	2.0546916801236885
0.34	0.26	2.0546916801236885
0.34	0.28	2.0546916801236885
0.34	0.3	2.0546916801236885
0.34	0.32	2.0546916801236885
0.34	0.34	2.0546916801236885
0.34	0.36	2.0546916801236885
0.34	0.38	2.0546916801236885
0.34	0.4	2.0546916801236885
0.34	0.42	2.0546916801236885
0.34	0.44	2.0546916801236885
0.34	0.46	2.0546916801236885
0.34	0.48	2.0546916801236885
0.34	0.5	2.0546916801236885
0.34	0.52	2.0546916801236885
0.34	0.54	2.0546916801236885
0.34	0.56	2.0546916801236885
0.34	0.58	2.0546916801236885
0.34	0.6	2.0546916801236885
0.34	0.62	2.0546916801236885
0.34	0.64	2.0546916801236885
0.34	0.66	2.0546916801236885
0.34	0.68	2.0546916801236885
0.34	0.7000000000000001	2.0546916801236885
0.34	0.72	2.0546916801236885
0.34	0.74	2.0546916801236885
0.34	0.76	2.0546916801236885
0.34	0.78	2.0546916801236885
0.34	0.8	2.0546916801236885
0.34	0.8200000000000001	2.0546916801236885
0.34	0.84	2.0546916801236885
0.34	0.86	2.0546916801236885
0.34	0.88	2.0546916801236885
0.34	0.9	2.0546916801236885
0.34	0.92	2.0546916801236885
0.34	0.9400000000000001	2.0546916801236885
0.34	0.96	2.0546916801236885
0.34	0.98	2.0546916801236885
0.34	1.0	2.0546916801236885
0.36	0.0	2.0508232207816937
0.36	0.02	2.0508232207816937
0.36	0.04	2.0508232207816937
0.36	0.06	2.0508232207816937
0.36	0.08	2.0508232207816937
0.36	0.1	2.0508232207816937
0.36	0.12	2.0508232207816937
0.36	0.14	2.0508232207816937
0.36	0.16	2.0508232207816937
0.36	0.18	2.0508232207816937
0.36	0.2	2.0508232207816937
0.36	0.22	2.0508232207816937
0.36	0.24	2.0508232207816937
0.36	0.26	2.0508232207816937
0.36	0.28	2.0508232207816937
0.36	0.3	2.0508232207816937
0.36	0.32	2.0508232207816937
0.36	0.34	2.0508232207816937
0.36	0.36	2.0508232207816937
0.36	0.38	2.0508232207816937
0.36	0.4	2.0508232207816937
0.36	0.42	2.0508232207816937
0.36	0.44	2.0508232207816937
0.36	0.46	2.0508232207816937
0.36	0.48	2.0508232207816937
0.36	0.5	2.0508232207816937
0.36	0.52	2.0508232207816937
0.36	0.54	2.0508232207816937
0.36	0.56	2.0508232207816937
0.36	0.58	2.0508232207816937
0.36	0.6	2.0508232207816937
0.36	0.62	2.0508232207816937
0.36	0.64	2.0508232207816937
0.36	0.66	2.0508232207816937
0.36	0.68	2.0508232207816937
0.36	0.7000000000000001	2.0508232207816937
0.36	0.72	2.0508232207816937
0.36	0.74	2.0508232207816937
0.36	0.76	2.0508232207816937
0.36	0.78	2.0508232207816937
0.36	0.8	2.0508232207816937
0.36	0.8200000000000001	2.0508232207816937
0.36	0.84	2.0508232207816937
0.36	0.86	2.0508232207816937
0.36	0.88	2.0508232207816937
0.36	0.9	2.0508232207816937
0.36	0.92	2.0508232207816937
0.36	0.9400000000000001	2.0508232207816937
0.36	0.96	2.0508232207816937
0.36	0.98	2.0508232207816937
0.36	1.0	2.0508232207816937
0.38	0.0	2.046188166129521
0.38	0.02	2.046188166129521
0.38	0.04	2.046188166129521
0.38	0.06	2.046188166129521
0.38	0.08	2.046188166129521
0.38	0.1	2.046188166129521
0.38	0.12	2.046188166129521
0.38	0.14	2.046188166129521
0.38	0.16	2.046188166129521
0.38	0.18	2.046188166129521
0.38	0.2	2.046188166129521
0.38	0.22	2.046188166129521
0.38	0.24	2.046188166129521
0.38	0.26	2.046188166129521
0.38	0.28	2.046188166129521
0.38	0.3	2.046188166129521
0.38	0.32	2.046188166129521
0.38	0.34	2.046188166129521
0.38	0.36	2.046188166129521
0.38	0.38	2.046188166129521
0.38	0.4	2.046188166129521
0.38	0.42	2.046188166129521
0.38	0.44	2.046188166129521
0.38	0.46	2.046188166129521
0.38	0.48	2.046188166129521
0.38	0.5	2.046188166129521
0.38	0.52	2.046188166129521
0.38	0.54	2.046188166129521
0.38	0.56	2.046188166129521
0.38	0.58	2.046188166129521
0.38	0.6	2.046188166129521
0.38	0.62	2.046188166129521
0.38	0.64	2.046188166129521
0.38	0.66	2.046188166129521
0.38	0.68	2.046188166129521
0.38	0.7000000000000001	2.046188166129521
0.38	0.72	2.046188166129521
0.38	0.74	2.046188166129521
0.38	0.76	2.046188166129521
0.38	0.78	2.046188166129521
0.38	0.8	2.046188166129521
0.38	0.8200000000000001	2.046188166129521
0.38	0.84	2.046188166129521
0.38	0.86	2.046188166129521
0.38	0.88	2.046188166129521
0.38	0.9	2.046188166129521
0.38	0.92	2.046188166129521
0.38	0.9400000000000001	2.046188166129521
0.38	0.96	2.046188166129521
0.38	0.98	2.046188166129521
0.38	1.0	2.046188166129521
0.4	0.0	2.0407913188008315
0.4	0.02	2.0407913188008315
0.4	0.04	2.0407913188008315
0.4	0.06	2.0407913188008315
0.4	0.08	2.0407913188008315
0.4	0.1	2.0407913188008315
0.4	0.12	2.0407913188008315
0.4	0.14	2.0407913188008315
0.4	0.16	2.0407913188008315
0.4	0.18	2.0407913188008315
0.4	0.2	2.0407913188008315
0.4	0.22	2.0407913188008315
0.4	0.24	2.0407913188008315
0.4	0.26	2.0407913188008315
0.4	0.28	2.0407913188008315
0.4	0.3	2.0407913188008315
0.4	0.32	2.0407913188008315
0.4	0.34	2.0407913188008315
0.4	0.36	2.0407913188008315
0.4	0.38	2.0407913188008315
0.4	0.4	2.0407913188008315
0.4	0.42	2.0407913188008315
0.4	0.44	2.0407913188008315
0.4	0.46	2.0407913188008315
0.4	0.48	2.0407913188008315
0.4	0.5	2.0407913188008315
0.4	0.52	2.0407913188008315
0.4	0.54	2.0407913188008315
0.4	0.56	2.0407913188008315
0.4	0.58	2.0407913188008315
0.4	0.6	2.0407913188008315
0.4	0.62	2.0407913188008315
0.4	0.64	2.0407913188008315
0.4	0.66	2.0407913188008315
0.4	0.68	2.0407913188008315
0.4	0.7000000000000001	2.0407913188008315
0.4	0.72	2.0407913188008315
0.4	0.74	2.0407913188008315
0.4	0.76	2.0407913188008315
0.4	0.78	2.0407913188008315
0.4	0.8	2.0407913188008315
0.4	0.8200000000000001	2.0407913188008315
0.4	0.84	2.0407913188008315
0.4	0.86	2.0407913188008315
0.4	0.88	2.0407913188008315
0.4	0.9	2.0407913188008315
0.4	0.92	2.0407913188008315
0.4	0.9400000000000001	2.0407913188008315
0.4	0.96	2.0407913188008315
0.4	0.98	2.0407913188008315
0.4	1.0	2.0407913188008315
0.42	0.0	2.034637780470716
0.42	0.02	2.034637780470716
0.42	0.04	2.034637780470716
0.42	0.06	2.034637780470716
0.42	0.08	2.034637780470716
0.42	0.1	2.034637780470716
0.42	0.12	2.034637780470716
0.42	0.14	2.034637780470716
0.42	0.16	2.034637780470716
0.42	0.18	2.034637780470716
0.42	0.2	2.034637780470716
0.42	0.22	2.034637780470716
0.42	0.24	2.034637780470716
0.42	0.26	2.034637780470716
0.42	0.28	2.034637780470716
0.42	0.3	2.034637780470716
0.42	0.32	2.034637780470716
0.42	0.34	2.034637780470716
0.42	0.36	2.034637780470716
0.42	0.38	2.034637780470716
0.42	0.4	2.034637780470716
0.42	0.42	2.034637780470716
0.42	0.44	2.034637780470716
0.42	0.46	2.034637780470716
0.42	0.48	2.034637780470716
0.42	0.5	2.034637780470716
0.42	0.52	2.034637780470716
0.42	0.54	2.034637780470716
0.42	0.56	2.034637780470716
0.42	0.58	2.034637780470716
0.42	0.6	2.034637780470716
0.42	0.62	2.034637780470716
0.42	0.64	2.034637780470716
0.42	0.66	2.034637780470716
0.42	0.68	2.034637780470716
0.42	0.7000000000000001	2.034637780470716
0.42	0.72	2.034637780470716
0.42	0.74	2.034637780470716
0.42	0.76	2.034637780470716
0.42	0.78	2.034637780470716
0.42	0.8	2.034637780470716
0.42	0.8200000000000001	2.034637780470716
0.42	0.84	2.034637780470716
0.42	0.86	2.034637780470716
0.42	0.88	2.034637780470716
0.42	0.9	2.034637780470716
0.42	0.92	2.034637780470716
0.42	0.9400000000000001	2.034637780470716
0.42	0.96	2.034637780470716
0.42	0.98	2.034637780470716
0.42	1.0	2.034637780470716
0.44	0.0	2.027732949520796
0.44	0.02	2.027732949520796
0.44	0.04	2.027732949520796
0.44	0.06	2.027732949520796
0.44	0.08	2.027732949520796
0.44	0.1	2.027732949520796
0.44	0.12	2.027732949520796
0.44	0.14	2.027732949520796
0.44	0.16	2.027732949520796
0.44	0.18	2.027732949520796
0.44	0.2	2.027732949520796
0.44	0.22	2.027732949520796
0.44	0.24	2.027732949520796
0.44	0.26	2.027732949520796
0.44	0.28	2.027732949520796
0.44	0.3	2.027732949520796
0.44	0.32	2.027732949520796
0.44	0.34	2.027732949520796
0.44	0.36	2.027732949520796
0.44	0.38	2.027732949520796
0.44	0.4	2.027732949520796
0.44	0.42	2.027732949520796
0.44	0.44	2.027732949520796
0.44	0.46	2.027732949520796
0.44	0.48	2.027732949520796
0.44	0.5	2.027732949520796
0.44	0.52	2.027732949520796
0.44	0.54	2.027732949520796
0.44	0.56	2.027732949520796
0.44	0.58	2.027732949520796
0.44	0.6	2.027732949520796
0.44	0.62	2.027732949520796
0.44	0.64	2.027732949520796
0.44	0.66	2.027732949520796
0.44	0.68	2.027732949520796
0.44	0.7000000000000001	2.027732949520796
0.44	0.72	2.027732949520796
0.44	0.74	2.027732949520796
0.44	0.76	2.027732949520796
0.44	0.78	2.027732949520796
0.44	0.8	2.027732949520796
0.44	0.8200000000000001	2.027732949520796
0.44	0.84	2.027732949520796
0.44	0.86	2.027732949520796
0.44	0.88	2.027732949520796
0.44	0.9	2.027732949520796
0.44	0.92	2.027732949520796
0.44	0.9400000000000001	2.027732949520796
0.44	0.96	2.027732949520796
0.44	0.98	2.027732949520796
0.44	1.0	2.027732949520796
0.46	0.0	2.0200825185862388
0.46	0.02	2.0200825185862388
0.46	0.04	2.0200825185862388
0.46	0.06	2.0200825185862388
0.46	0.08	2.0200825185862388
0.46	0.1	2.0200825185862388
0.46	0.12	2.0200825185862388
0.46	0.14	2.0200825185862388
0.46	0.16	2.0200825185862388
0.46	0.18	2.0200825185862388
0.46	0.2	2.0200825185862388
0.46	0.22	2.0200825185862388
0.46	0.24	2.0200825185862388
0.46	0.26	2.0200825185862388
0.46	0.28	2.0200825185862388
0.46	0.3	2.0200825185862388
0.46	0.32	2.0200825185862388
0.46	0.34	2.0200825185862388
0.46	0.36	2.0200825185862388
0.46	0.38	2.0200825185862388
0.46	0.4	2.0200825185862388
0.46	0.42	2.0200825185862388
0.46	0.44	2.0200825185862388
0.46	0.46	2.0200825185862388
0.46	0.48	2.0200825185862388
0.46	0.5	2.0200825185862388
0.46	0.52	2.0200825185862388
0.46	0.54	2.0200825185862388
0.46	0.56	2.0200825185862388
0.46	0.58	2.0200825185862388
0.46	0.6	2.0200825185862388
0.46	0.62	2.0200825185862388
0.46	0.64	2.0200825185862388
0.46	0.66	2.0200825185862388
0.46	0.68	2.0200825185862388
0.46	0.7000000000000001	2.0200825185862388
0.46	0.72	2.0200825185862388
0.46	0.74	2.0200825185862388
0.46	0.76	2.0200825185862388
0.46	0.78	2.0200825185862388
0.46	0.8	2.0200825185862388
0.46	0.8200000000000001	2.0200825185862388
0.46	0.84	2.0200825185862388
0.46	0.86	2.0200825185862388
0.46	0.88	2.0200825185862388
0.46	0.9	2.0200825185862388
0.46	0.92	2.0200825185862388
0.46	0.9400000000000001	2.0200825185862388
0.46	0.96	2.0200825185862388
0.46	0.98	2.0200825185862388
0.46	1.0	2.0200825185862388
0.48	0.0	2.011692471985703
0.48	0.02	2.011692471985703
0.48	0.04	2.011692471985703
0.48	0.06	2.011692471985703
0.48	0.08	2.011692471985703
0.48	0.1	2.011692471985703
0.48	0.12	2.011692471985703
0.48	0.14	2.011692471985703
0.48	0.16	2.011692471985703
0.48	0.18	2.011692471985703
0.48	0.2	2.011692471985703
0.48	0.22	2.011692471985703
0.48	0.24	2.011692471985703
0.48	0.26	2.011692471985703
0.48	0.28	2.011692471985703
0.48	0.3	2.011692471985703
0.48	0.32	2.011692471985703
0.48	0.34	2.011692471985703
0.48	0.36	2.011692471985703
0.48	0.38	2.011692471985703
0.48	0.4	2.011692471985703
0.48	0.42	2.011692471985703
0.48	0.44	2.011692471985703
0.48	0.46	2.011692471985703
0.48	0.48	2.011692471985703
0.48	0.5	2.011692471985703
0.48	0.52	2.011692471985703
0.48	0.54	2.011692471985703
0.48	0.56	2.011692471985703
0.48	0.58	2.011692471985703
0.48	0.6	2.011692471985703
0.48	0.62	2.011692471985703
0.48	0.64	2.011692471985703
0.48	0.66	2.011692471985703
0.48	0.68	2.011692471985703
0.48	0.7000000000000001	2.011692471985703
0.48	0.72	2.011692471985703
0.48	0.74	2.011692471985703
0.48	0.76	2.011692471985703
0.48	0.78	2.011692471985703
0.48	0.8	2.011692471985703
0.48	0.8200000000000001	2.011692471985703
0.48	0.84	2.011692471985703
0.48	0.86	2.011692471985703
0.48	0.88	2.011692471985703
0.48	0.9	2.011692471985703
0.48	0.92	2.011692471985703
0.48	0.9400000000000001	2.011692471985703
0.48	0.96	2.011692471985703
0.48	0.98	2.011692471985703
0.48	1.0	2.011692471985703
0.5	0.0	2.0025690830352683
0.5	0.02	2.0025690830352683
0.5	0.04	2.0025690830352683
0.5	0.06	2.0025690830352683
0.5	0.08	2.0025690830352683
0.5	0.1	2.0025690830352683
0.5	0.12	2.0025690830352683
0.5	0.14	2.0025690830352683
0.5	0.16	2.0025690830352683
0.5	0.18	2.0025690830352683
0.5	0.2	2.0025690830352683
0.5	0.22	2.0025690830352683
0.5	0.24	2.0025690830352683
0.5	0.26	2.0025690830352683
0.5	0.28	2.0025690830352683
0.5	0.3	2.0025690830352683
0.5	0.32	2.0025690830352683
0.5	0.34	2.0025690830352683
0.5	0.36	2.0025690830352683
0.5	0.38	2.0025690830352683
0.5	0.4	2.0025690830352683
0.5	0.42	2.0025690830352683
0.5	0.44	2.0025690830352683
0.5	0.46	2.0025690830352683
0.5	0.48	2.0025690830352683
0.5	0.5	2.0025690830352683
0.5	0.52	2.0025690830352683
0.5	0.54	2.0025690830352683
0.5	0.56	2.0025690830352683
0.5	0.58	2.0025690830352683
0.5	0.6	2.0025690830352683
0.5	0.62	2.0025690830352683
0.5	0.64	2.0025690830352683
0.5	0.66	2.0025690830352683
0.5	0.68	2.0025690830352683
0.5	0.7000000000000001	2.0025690830352683
0.5	0.72	2.0025690830352683
0.5	0.74	2.0025690830352683
0.5	0.76	2.0025690830352683
0.5	0.78	2.0025690830352683
0.5	0.8	2.0025690830352683
0.5	0.8200000000000001	2.0025690830352683
0.5	0.84	2.0025690830352683
0.5	0.86	2.0025690830352683
0.5	0.88	2.0025690830352683
0.5	0.9	2.0025690830352683
0.5	0.92	2.0025690830352683
0.5	0.9400000000000001	2.0025690830352683
0.5	0.96	2.0025690830352683
0.5	0.98	2.0025690830352683
0.5	1.0	2.0025690830352683
0.52	0.0	1.9927189112474548
0.52	0.02	1.9927189112474548
0.52	0.04	1.9927189112474548
0.52	0.06	1.9927189112474548
0.52	0.08	1.9927189112474548
0.52	0.1	1.9927189112474548
0.52	0.12	1.9927189112474548
0.52	0.14	1.9927189112474548
0.52	0.16	1.9927189112474548
0.52	0.18	1.9927189112474548
0.52	0.2	1.9927189112474548
0.52	0.22	1.9927189112474548
0.52	0.24	1.9927189112474548
0.52	0.26	1.9927189112474548
0.52	0.28	1.9927189112474548
0.52	0.3	1.9927189112474548
0.52	0.32	1.9927189112474548
0.52	0.34	1.9927189112474548
0.52	0.36	1.9927189112474548
0.52	0.38	1.9927189112474548
0.52	0.4	1.9927189112474548
0.52	0.42	1.9927189112474548
0.52	0.44	1.9927189112474548
0.52	0.46	1.9927189112474548
0.52	0.48	1.9927189112474548
0.52	0.5	1.9927189112474548
0.52	0.52	1.9927189112474548
0.52	0.54	1.9927189112474548
0.52	0.56	1.9927189112474548
0.52	0.58	1.9927189112474548
0.52	0.6	1.9927189112474548
0.52	0.62	1.9927189112474548
0.52	0.64	1.9927189112474548
0.52	0.66	1.9927189112474548
0.52	0.68	1.9927189112474548
0.52	0.7000000000000001	1.9927189112474548
0.52	0.72	1.9927189112474548
0.52	0.74	1.9927189112474548
0.52	0.76	1.9927189112474548
0.52	0.78	1.9927189112474548
0.52	0.8	1.9927189112474548
0.52	0.8200000000000001	1.9927189112474548
0.52	0.84	1.9927189112474548
0.52	0.86	1.9927189112474548
0.52	0.88	1.9927189112474548
0.52	0.9	1.9927189112474548
0.52	0.92	1.9927189112474548
0.52	0.9400000000000001	1.9927189112474548
0.52	0.96	1.9927189112474548
0.52	0.98	1.9927189112474548
0.52	1.0	1.9927189112474548
0.54	0.0	1.9821487994164795
0.54	0.02	1.9821487994164795
0.54	0.04	1.9821487994164795
0.54	0.06	1.9821487994164795
0.54	0.08	1.9821487994164795
0.54	0.1	1.9821487994164795
0.54	0.12	1.9821487994164795
0.54	0.14	1.9821487994164795
0.54	0.16	1.9821487994164795
0.54	0.18	1.9821487994164795
0.54	0.2	1.9821487994164795
0.54	0.22	1.9821487994164795
0.54	0.24	1.9821487994164795
0.54	0.26	1.9821487994164795
0.54	0.28	1.9821487994164795
0.54	0.3	1.9821487994164795
0.54	0.32	1.9821487994164795
0.54	0.34	1.9821487994164795
0.54	0.36	1.9821487994164795
0.54	0.38	1.9821487994164795
0.54	0.4	1.9821487994164795
0.54	0.42	1.9821487994164795
0.54	0.44	1.9821487994164795
0.54	0.46	1.9821487994164795
0.54	0.48	1.9821487994164795
0.54	0.5	1.9821487994164795
0.54	0.52	1.9821487994164795
0.54	0.54	1.9821487994164795
0.54	0.56	1.9821487994164795
0.54	0.58	1.9821487994164795
0.54	0.6	1.9821487994164795
0.54	0.62	1.9821487994164795
0.54	0.64	1.9821487994164795
0.54	0.66	1.9821487994164795
0.54	0.68	1.9821487994164795
0.54	0.7000000000000001	1.9821487994164795
0.54	0.72	1.9821487994164795
0.54	0.74	1.9821487994164795
0.54	0.76	1.9821487994164795
0.54	0.78	1.9821487994164795
0.54	0.8	1.9821487994164795
0.54	0.8200000000000001	1.9821487994164795
0.54	0.84	1.9821487994164795
0.54	0.86	1.9821487994164795
0.54	0.88	1.9821487994164795
0.54	0.9	1.9821487994164795
0.54	0.92	1.9821487994164795
0.54	0.9400000000000001	1.9821487994164795
0.54	0.96	1.9821487994164795
0.54	0.98	1.9821487994164795
0.54	1.0	1.9821487994164795
0.56	0.0	1.9708658705909459
0.56	0.02	1.9708658705909459
0.56	0.04	1.9708658705909459
0.56	0.06	1.9708658705909459
0.56	0.08	1.9708658705909459
0.56	0.1	1.9708658705909459
0.56	0.12	1.9708658705909459
0.56	0.14	1.9708658705909459
0.56	0.16	1.9708658705909459
0.56	0.18	1.9708658705909459
0.56	0.2	1.9708658705909459
0.56	0.22	1.9708658705909459
0.56	0.24	1.9708658705909459
0.56	0.26	1.9708658705909459
0.56	0.28	1.9708658705909459
0.56	0.3	1.9708658705909459
0.56	0.32	1.9708658705909459
0.56	0.34	1.9708658705909459
0.56	0.36	1.9708658705909459
0.56	0.38	1.9708658705909459
0.56	0.4	1.9708658705909459
0.56	0.42	1.9708658705909459
0.56	0.44	1.9708658705909459
0.56	0.46	1.9708658705909459
0.56	0.48	1.9708658705909459
0.56	0.5	1.9708658705909459
0.56	0.52	1.9708658705909459
0.56	0.54	1.9708658705909459
0.56	0.56	1.9708658705909459
0.56	0.58	1.9708658705909459
0.56	0.6	1.9708658705909459
0.56	0.62	1.9708658705909459
0.56	0.64	1.9708658705909459
0.56	0.66	1.9708658705909459
0.56	0.68	1.9708658705909459
0.56	0.7000000000000001	1.9708658705909459
0.56	0.72	1.9708658705909459
0.56	0.74	1.9708658705909459
0.56	0.76	1.9708658705909459
0.56	0.78	1.9708658705909459
0.56	0.8	1.9708658705909459
0.56	0.8200000000000001	1.9708658705909459
0.56	0.84	1.9708658705909459
0.56	0.86	1.9708658705909459
0.56	0.88	1.9708658705909459
0.56	0.9	1.9708658705909459
0.56	0.92	1.9708658705909459
0.56	0.9400000000000001	1.9708658705909459
0.56	0.96	1.9708658705909459
0.56	0.98	1.9708658705909459
0.56	1.0	1.9708658705909459
0.58	0.0	1.9588775249352093
0.58	0.02	1.9588775249352093
0.58	0.04	1.9588775249352093
0.58	0.06	1.9588775249352093
0.58	0.08	1.9588775249352093
0.58	0.1	1.9588775249352093
0.58	0.12	1.9588775249352093
0.58	0.14	1.9588775249352093
0.58	0.16	1.9588775249352093
0.58	0.18	1.9588775249352093
0.58	0.2	1.9588775249352093
0.58	0.22	1.9588775249352093
0.58	0.24	1.9588775249352093
0.58	0.26	1.9588775249352093
0.58	0.28	1.9588775249352093
0.58	0.3	1.9588775249352093
0.58	0.32	1.9588775249352093
0.58	0.34	1.9588775249352093
0.58	0.36	1.9588775249352093
0.58	0.38	1.9588775249352093
0.58	0.4	1.9588775249352093
0.58	0.42	1.9588775249352093
0.58	0.44	1.9588775249352093
0.58	0.46	1.9588775249352093
0.58	0.48	1.9588775249352093
0.58	0.5	1.9588775249352093
0.58	0.52	1.9588775249352093
0.58	0.54	1.9588775249352093
0.58	0.56	1.9588775249352093
0.58	0.58	1.9588775249352093
0.58	0.6	1.9588775249352093
0.58	0.62	1.9588775249352093
0.58	0.64	1.9588775249352093
0.58	0.66	1.9588775249352093
0.58	0.68	1.9588775249352093
0.58	0.7000000000000001	1.9588775249352093
0.58	0.72	1.9588775249352093
0.58	0.74	1.9588775249352093
0.58	0.76	1.9588775249352093
0.58	0.78	1.9588775249352093
0.58	0.8	1.9588775249352093
0.58	0.8200000000000001	1.9588775249352093
0.58	0.84	1.9588775249352093
0.58	0.86	1.9588775249352093
0.58	0.88	1.9588775249352093
0.58	0.9	1.9588775249352093
0.58	0.92	1.9588775249352093
0.58	0.9400000000000001	1.9588775249352093
0.58	0.96	1.9588775249352093
0.58	0.98	1.9588775249352093
0.58	1.0	1.9588775249352093
0.6	0.0	1.9461914364806963
0.6	0.02	1.9461914364806963
0.6	0.04	1.9461914364806963
0.6	0.06	1.9461914364806963
0.6	0.08	1.9461914364806963
0.6	0.1	1.9461914364806963
0.6	0.12	1.9461914364806963
0.6	0.14	1.9461914364806963
0.6	0.16	1.9461914364806963
0.6	0.18	1.9461914364806963
0.6	0.2	1.9461914364806963
0.6	0.22	1.9461914364806963
0.6	0.24	1.9461914364806963
0.6	0.26	1.9461914364806963
0.6	0.28	1.9461914364806963
0.6	0.3	1.9461914364806963
0.6	0.32	1.9461914364806963
0.6	0.34	1.9461914364806963
0.6	0.36	1.9461914364806963
0.6	0.38	1.9461914364806963
0.6	0.4	1.9461914364806963
0.6	0.42	1.9461914364806963
0.6	0.44	1.9461914364806963
0.6	0.46	1.9461914364806963
0.6	0.48	1.9461914364806963
0.6	0.5	1.9461914364806963
0.6	0.52	1.9461914364806963
0.6	0.54	1.9461914364806963
0.6	0.56	1.9461914364806963
0.6	0.58	1.9461914364806963
0.6	0.6	1.9461914364806963
0.6	0.62	1.9461914364806963
0.6	0.64	1.9461914364806963
0.6	0.66	1.9461914364806963
0.6	0.68	1.9461914364806963
0.6	0.7000000000000001	1.9461914364806963
0.6	0.72	1.9461914364806963
0.6	0.74	1.9461914364806963
0.6	0.76	1.9461914364806963
0.6	0.78	1.9461914364806963
0.6	0.8	1.9461914364806963
0.6	0.8200000000000001	1.9461914364806963
0.6	0.84	1.9461914364806963
0.6	0.86	1.9461914364806963
0.6	0.88	1.9461914364806963
0.6	0.9	1.9461914364806963
0.6	0.92	1.9461914364806963
0.6	0.9400000000000001	1.9461914364806963
0.6	0.96	1.9461914364806963
0.6	0.98	1.9461914364806963
0.6	1.0	1.9461914364806963
0.62	0.0	1.9328155497685113
0.62	0.02	1.9328155497685113
0.62	0.04	1.9328155497685113
0.62	0.06	1.9328155497685113
0.62	0.08	1.9328155497685113
0.62	0.1	1.9328155497685113
0.62	0.12	1.9328155497685113
0.62	0.14	1.9328155497685113
0.62	0.16	1.9328155497685113
0.62	0.18	1.9328155497685113
0.62	0.2	1.9328155497685113
0.62	0.22	1.9328155497685113
0.62	0.24	1.9328155497685113
0.62	0.26	1.9328155497685113
0.62	0.28	1.9328155497685113
0.62	0.3	1.9328155497685113
0.62	0.32	1.9328155497685113
0.62	0.34	1.9328155497685113
0.62	0.36	1.9328155497685113
0.62	0.38	1.9328155497685113
0.62	0.4	1.9328155497685113
0.62	0.42	1.9328155497685113
0.62	0.44	1.9328155497685113
0.62	0.46	1.9328155497685113
0.62	0.48	1.9328155497685113
0.62	0.5	1.9328155497685113
0.62	0.52	1.9328155497685113
0.62	0.54	1.9328155497685113
0.62	0.56	1.9328155497685113
0.62	0.58	1.9328155497685113
0.62	0.6	1.9328155497685113
0.62	0.62	1.9328155497685113
0.62	0.64	1.9328155497685113
0.62	0.66	1.9328155497685113
0.62	0.68	1.9328155497685113
0.62	0.7000000000000001	1.9328155497685113
0.62	0.72	1.9328155497685113
0.62	0.74	1.9328155497685113
0.62	0.76	1.9328155497685113
0.62	0.78	1.9328155497685113
0.62	0.8	1.9328155497685113
0.62	0.8200000000000001	1.9328155497685113
0.62	0.84	1.9328155497685113
0.62	0.86	1.9328155497685113
0.62	0.88	1.9328155497685113
0.62	0.9	1.9328155497685113
0.62	0.92	1.9328155497685113
0.62	0.9400000000000001	1.9328155497685113
0.62	0.96	1.9328155497685113
0.62	0.98	1.9328155497685113
0.62	1.0	1.9328155497685113
0.64	0.0	1.918758076384703
0.64	0.02	1.918758076384703
0.64	0.04	1.918758076384703
0.64	0.06	1.918758076384703
0.64	0.08	1.918758076384703
0.64	0.1	1.918758076384703
0.64	0.12	1.918758076384703
0.64	0.14	1.918758076384703
0.64	0.16	1.918758076384703
0.64	0.18	1.918758076384703
0.64	0.2	1.918758076384703
0.64	0.22	1.918758076384703
0.64	0.24	1.918758076384703
0.64	0.26	1.918758076384703
0.64	0.28	1.918758076384703
0.64	0.3	1.918758076384703
0.64	0.32	1.918758076384703
0.64	0.34	1.918758076384703
0.64	0.36	1.918758076384703
0.64	0.38	1.918758076384703
0.64	0.4	1.918758076384703
0.64	0.42	1.918758076384703
0.64	0.44	1.918758076384703
0.64	0.46	1.918758076384703
0.64	0.48	1.918758076384703
0.64	0.5	1.918758076384703
0.64	0.52	1.918758076384703
0.64	0.54	1.918758076384703
0.64	0.56	1.918758076384703
0.64	0.58	1.918758076384703
0.64	0.6	1.918758076384703
0.64	0.62	1.918758076384703
0.64	0.64	1.918758076384703
0.64	0.66	1.918758076384703
0.64	0.68	1.918758076384703
0.64	0.7000000000000001	1.918758076384703
0.64	0.72	1.918758076384703
0.64	0.74	1.918758076384703
0.64	0.76	1.918758076384703
0.64	0.78	1.918758076384703
0.64	0.8	1.918758076384703
0.64	0.8200000000000001	1.918758076384703
0.64	0.84	1.918758076384703
0.64	0.86	1.918758076384703
0.64	0.88	1.918758076384703
0.64	0.9	1.918758076384703
0.64	0.92	1.918758076384703
0.64	0.9400000000000001	1.918758076384703
0.64	0.96	1.918758076384703
0.64	0.98	1.918758076384703
0.64	1.0	1.918758076384703
0.66	0.0	1.9040274913895985
0.66	0.02	1.9040274913895985
0.66	0.04	1.9040274913895985
0.66	0.06	1.9040274913895985
0.66	0.08	1.9040274913895985
0.66	0.1	1.9040274913895985
0.66	0.12	1.9040274913895985
0.66	0.14	1.9040274913895985
0.66	0.16	1.9040274913895985
0.66	0.18	1.9040274913895985
0.66	0.2	1.9040274913895985
0.66	0.22	1.9040274913895985
0.66	0.24	1.9040274913895985
0.66	0.26	1.9040274913895985
0.66	0.28	1.9040274913895985
0.66	0.3	1.9040274913895985
0.66	0.32	1.9040274913895985
0.66	0.34	1.9040274913895985
0.66	0.36	1.9040274913895985
0.66	0.38	1.9040274913895985
0.66	0.4	1.9040274913895985
0.66	0.42	1.9040274913895985
0.66	0.44	1.9040274913895985
0.66	0.46	1.9040274913895985
0.66	0.48	1.9040274913895985
0.66	0.5	1.9040274913895985
0.66	0.52	1.9040274913895985
0.66	0.54	1.9040274913895985
0.66	0.56	1.9040274913895985
0.66	0.58	1.9040274913895985
0.66	0.6	1.9040274913895985
0.66	0.62	1.9040274913895985
0.66	0.64	1.9040274913895985
0.66	0.66	1.9040274913895985
0.66	0.68	1.9040274913895985
0.66	0.7000000000000001	1.9040274913895985
0.66	0.72	1.9040274913895985
0.66	0.74	1.9040274913895985
0.66	0.76	1.9040274913895985
0.66	0.78	1.9040274913895985
0.66	0.8	1.9040274913895985
0.66	0.8200000000000001	1.9040274913895985
0.66	0.84	1.9040274913895985
0.66	0.86	1.9040274913895985
0.66	0.88	1.9040274913895985
0.66	0.9	1.9040274913895985
0.66	0.92	1.9040274913895985
0.66	0.9400000000000001	1.9040274913895985
0.66	0.96	1.9040274913895985
0.66	0.98	1.9040274913895985
0.66	1.0	1.9040274913895985
0.68	0.0	1.8886325296426703
0.68	0.02	1.8886325296426703
0.68	0.04	1.8886325296426703
0.68	0.06	1.8886325296426703
0.68	0.08	1.8886325296426703
0.68	0.1	1.8886325296426703
0.68	0.12	1.8886325296426703
0.68	0.14	1.8886325296426703
0.68	0.16	1.8886325296426703
0.68	0.18	1.8886325296426703
0.68	0.2	1.8886325296426703
0.68	0.22	1.8886325296426703
0.68	0.24	1.8886325296426703
0.68	0.26	1.8886325296426703
0.68	0.28	1.8886325296426703
0.68	0.3	1.8886325296426703
0.68	0.32	1.8886325296426703
0.68	0.34	1.8886325296426703
0.68	0.36	1.8886325296426703
0.68	0.38	1.8886325296426703
0.68	0.4	1.8886325296426703
0.68	0.42	1.8886325296426703
0.68	0.44	1.8886325296426703
0.68	0.46	1.8886325296426703
0.68	0.48	1.8886325296426703
0.68	0.5	1.8886325296426703
0.68	0.52	1.8886325296426703
0.68	0.54	1.8886325296426703
0.68	0.56	1.8886325296426703
0.68	0.58	1.8886325296426703
0.68	0.6	1.8886325296426703
0.68	0.62	1.8886325296426703
0.68	0.64	1.8886325296426703
0.68	0.66	1.8886325296426703
0.68	0.68	1.8886325296426703
0.68	0.7000000000000001	1.8886325296426703
0.68	0.72	1.8886325296426703
0.68	0.74	1.8886325296426703
0.68	0.76	1.8886325296426703
0.68	0.78	1.8886325296426703
0.68	0.8	1.8886325296426703
0.68	0.8200000000000001	1.8886325296426703
0.68	0.84	1.8886325296426703
0.68	0.86	1.8886325296426703
0.68	0.88	1.8886325296426703
0.68	0.9	1.8886325296426703
0.68	0.92	1.8886325296426703
0.68	0.9400000000000001	1.8886325296426703
0.68	0.96	1.8886325296426703
0.68	0.98	1.8886325296426703
0.68	1.0	1.8886325296426703
0.7000000000000001	0.0	1.8725821820244282
0.7000000000000001	0.02	1.8725821820244282
0.7000000000000001	0.04	1.8725821820244282
0.7000000000000001	0.06	1.8725821820244282
0.7000000000000001	0.08	1.8725821820244282
0.7000000000000001	0.1	1.8725821820244282
0.7000000000000001	0.12	1.8725821820244282
0.7000000000000001	0.14	1.8725821820244282
0.7000000000000001	0.16	1.8725821820244282
0.7000000000000001	0.18	1.8725821820244282
0.7000000000000001	0.2	1.8725821820244282
0.7000000000000001	0.22	1.8725821820244282
0.7000000000000001	0.24	1.8725821820244282
0.7000000000000001	0.26	1.8725821820244282
0.7000000000000001	0.28	1.8725821820244282
0.7000000000000001	0.3	1.8725821820244282
0.7000000000000001	0.32	1.8725821820244282
0.7000000000000001	0.34	1.8725821820244282
0.7000000000000001	0.36	1.8725821820244282
0.7000000000000001	0.38	1.8725821820244282
0.7000000000000001	0.4	1.8725821820244282
0.7000000000000001	0.42	1.8725821820244282
0.7000000000000001	0.44	1.8725821820244282
0.7000000000000001	0.46	1.8725821820244282
0.7000000000000001	0.48	1.8725821820244282
0.7000000000000001	0.5	1.8725821820244282
0.7000000000000001	0.52	1.8725821820244282
0.7000000000000001	0.54	1.8725821820244282
0.7000000000000001	0.56	1.8725821820244282
0.7000000000000001	0.58	1.8725821820244282
0.7000000000000001	0.6	1.8725821820244282
0.7000000000000001	0.62	1.8725821820244282
0.7000000000000001	0.64	1.8725821820244282
0.7000000000000001	0.66	1.8725821820244282
0.7000000000000001	0.68	1.8725821820244282
0.7000000000000001	0.7000000000000001	1.8725821820244282
0.7000000000000001	0.72	1.8725821820244282
0.7000000000000001	0.74	1.8725821820244282
0.7000000000000001	0.76	1.8725821820244282
0.7000000000000001	0.78	1.8725821820244282
0.7000000000000001	0.8	1.8725821820244282
0.7000000000000001	0.8200000000000001	1.8725821820244282
0.7000000000000001	0.84	1.8725821820244282
0.7000000000000001	0.86	1.8725821820244282
0.7000000000000001	0.88	1.8725821820244282
0.7000000000000001	0.9	1.8725821820244282
0.7000000000000001	0.92	1.8725821820244282
0.7000000000000001	0.9400000000000001	1.8725821820244282
0.7000000000000001	0.96	1.8725821820244282
0.7000000000000001	0.98	1.8725821820244282
0.7000000000000001	1.0	1.8725821820244282
0.72	0.0	1.85588569155688
0.72	0.02	1.85588569155688
0.72	0.04	1.85588569155688
0.72	0.06	1.85588569155688
0.72	0.08	1.85588569155688
0.72	0.1	1.85588569155688
0.72	0.12	1.85588569155688
0.72	0.14	1.85588569155688
0.72	0.16	1.85588569155688
0.72	0.18	1.85588569155688
0.72	0.2	1.85588569155688
0.72	0.22	1.85588569155688
0.72	0.24	1.85588569155688
0.72	0.26	1.85588569155688
0.72	0.28	1.85588569155688
0.72	0.3	1.85588569155688
0.72	0.32	1.85588569155688
0.72	0.34	1.85588569155688
0.72	0.36	1.85588569155688
0.72	0.38	1.85588569155688
0.72	0.4	1.85588569155688
0.72	0.42	1.85588569155688
0.72	0.44	1.85588569155688
0.72	0.46	1.85588569155688
0.72	0.48	1.85588569155688
0.72	0.5	1.85588569155688
0.72	0.52	1.85588569155688
0.72	0.54	1.85588569155688
0.72	0.56	1.85588569155688
0.72	0.58	1.85588569155688
0.72	0.6	1.85588569155688
0.72	0.62	1.85588569155688
0.72	0.64	1.85588569155688
0.72	0.66	1.85588569155688
0.72	0.68	1.85588569155688
0.72	0.7000000000000001	1.85588569155688
0.72	0.72	1.85588569155688
0.72	0.74	1.85588569155688
0.72	0.76	1.85588569155688
0.72	0.78	1.85588569155688
0.72	0.8	1.85588569155688
0.72	0.8200000000000001	1.85588569155688
0.72	0.84	1.85588569155688
0.72	0.86	1.85588569155688
0.72	0.88	1.85588569155688
0.72	0.9	1.85588569155688
0.72	0.92	1.85588569155688
0.72	0.9400000000000001	1.85588569155688
0.72	0.96	1.85588569155688
0.72	0.98	1.85588569155688
0.72	1.0	1.85588569155688
0.74	0.0	1.838552549424138
0.74	0.02	1.838552549424138
0.74	0.04	1.838552549424138
0.74	0.06	1.838552549424138
0.74	0.08	1.838552549424138
0.74	0.1	1.838552549424138
0.74	0.12	1.838552549424138
0.74	0.14	1.838552549424138
0.74	0.16	1.838552549424138
0.74	0.18	1.838552549424138
0.74	0.2	1.838552549424138
0.74	0.22	1.838552549424138
0.74	0.24	1.838552549424138
0.74	0.26	1.838552549424138
0.74	0.28	1.838552549424138
0.74	0.3	1.838552549424138
0.74	0.32	1.838552549424138
0.74	0.34	1.838552549424138
0.74	0.36	1.838552549424138
0.74	0.38	1.838552549424138
0.74	0.4	1.838552549424138
0.74	0.42	1.838552549424138
0.74	0.44	1.838552549424138
0.74	0.46	1.838552549424138
0.74	0.48	1.838552549424138
0.74	0.5	1.838552549424138
0.74	0.52	1.838552549424138
0.74	0.54	1.838552549424138
0.74	0.56	1.838552549424138
0.74	0.58	1.838552549424138
0.74	0.6	1.838552549424138
0.74	0.62	1.838552549424138
0.74	0.64	1.838552549424138
0.74	0.66	1.838552549424138
0.74	0.68	1.838552549424138
0.74	0.7000000000000001	1.838552549424138
0.74	0.72	1.838552549424138
0.74	0.74	1.838552549424138
0.74	0.76	1.838552549424138
0.74	0.78	1.838552549424138
0.74	0.8	1.838552549424138
0.74	0.8200000000000001	1.838552549424138
0.74	0.84	1.838552549424138
0.74	0.86	1.838552549424138
0.74	0.88	1.838552549424138
0.74	0.9	1.838552549424138
0.74	0.92	1.838552549424138
0.74	0.9400000000000001	1.838552549424138
0.74	0.96	1.838552549424138
0.74	0.98	1.838552549424138
0.74	1.0	1.838552549424138
0.76	0.0	1.820592490894793
0.76	0.02	1.820592490894793
0.76	0.04	1.820592490894793
0.76	0.06	1.820592490894793
0.76	0.08	1.820592490894793
0.76	0.1	1.820592490894793
0.76	0.12	1.820592490894793
0.76	0.14	1.820592490894793
0.76	0.16	1.820592490894793
0.76	0.18	1.820592490894793
0.76	0.2	1.820592490894793
0.76	0.22	1.820592490894793
0.76	0.24	1.820592490894793
0.76	0.26	1.820592490894793
0.76	0.28	1.820592490894793
0.76	0.3	1.820592490894793
0.76	0.32	1.820592490894793
0.76	0.34	1.820592490894793
0.76	0.36	1.820592490894793
0.76	0.38	1.820592490894793
0.76	0.4	1.820592490894793
0.76	0.42	1.820592490894793
0.76	0.44	1.820592490894793
0.76	0.46	1.820592490894793
0.76	0.48	1.820592490894793
0.76	0.5	1.820592490894793
0.76	0.52	1.820592490894793
0.76	0.54	1.820592490894793
0.76	0.56	1.820592490894793
0.76	0.58	1.820592490894793
0.76	0.6	1.820592490894793
0.76	0.62	1.820592490894793
0.76	0.64	1.820592490894793
0.76	0.66	1.820592490894793
0.76	0.68	1.820592490894793
0.76	0.7000000000000001	1.820592490894793
0.76	0.72	1.820592490894793
0.76	0.74	1.820592490894793
0.76	0.76	1.820592490894793
0.76	0.78	1.820592490894793
0.76	0.8	1.820592490894793
0.76	0.8200000000000001	1.820592490894793
0.76	0.84	1.820592490894793
0.76	0.86	1.820592490894793
0.76	0.88	1.820592490894793
0.76	0.9	1.820592490894793
0.76	0.92	1.820592490894793
0.76	0.9400000000000001	1.820592490894793
0.76	0.96	1.820592490894793
0.76	0.98	1.820592490894793
0.76	1.0	1.820592490894793
0.78	0.0	1.802015491147716
0.78	0.02	1.802015491147716
0.78	0.04	1.802015491147716
0.78	0.06	1.802015491147716
0.78	0.08	1.802015491147716
0.78	0.1	1.802015491147716
0.78	0.12	1.802015491147716
0.78	0.14	1.802015491147716
0.78	0.16	1.802015491147716
0.78	0.18	1.802015491147716
0.78	0.2	1.802015491147716
0.78	0.22	1.802015491147716
0.78	0.24	1.802015491147716
0.78	0.26	1.802015491147716
0.78	0.28	1.802015491147716
0.78	0.3	1.802015491147716
0.78	0.32	1.802015491147716
0.78	0.34	1.802015491147716
0.78	0.36	1.802015491147716
0.78	0.38	1.802015491147716
0.78	0.4	1.802015491147716
0.78	0.42	1.802015491147716
0.78	0.44	1.802015491147716
0.78	0.46	1.802015491147716
0.78	0.48	1.802015491147716
0.78	0.5	1.802015491147716
0.78	0.52	1.802015491147716
0.78	0.54	1.802015491147716
0.78	0.56	1.802015491147716
0.78	0.58	1.802015491147716
0.78	0.6	1.802015491147716
0.78	0.62	1.802015491147716
0.78	0.64	1.802015491147716
0.78	0.66	1.802015491147716
0.78	0.68	1.802015491147716
0.78	0.7000000000000001	1.802015491147716
0.78	0.72	1.802015491147716
0.78	0.74	1.802015491147716
0.78	0.76	1.802015491147716
0.78	0.78	1.802015491147716
0.78	0.8	1.802015491147716
0.78	0.8200000000000001	1.802015491147716
0.78	0.84	1.802015491147716
0.78	0.86	1.802015491147716
0.78	0.88	1.802015491147716
0.78	0.9	1.802015491147716
0.78	0.92	1.802015491147716
0.78	0.9400000000000001	1.802015491147716
0.78	0.96	1.802015491147716
0.78	0.98	1.802015491147716
0.78	1.0	1.802015491147716
0.8	0.0	1.7828317610029814
0.8	0.02	1.7828317610029814
0.8	0.04	1.7828317610029814
0.8	0.06	1.7828317610029814
0.8	0.08	1.7828317610029814
0.8	0.1	1.7828317610029814
0.8	0.12	1.7828317610029814
0.8	0.14	1.7828317610029814
0.8	0.16	1.7828317610029814
0.8	0.18	1.7828317610029814
0.8	0.2	1.7828317610029814
0.8	0.22	1.7828317610029814
0.8	0.24	1.7828317610029814
0.8	0.26	1.7828317610029814
0.8	0.28	1.7828317610029814
0.8	0.3	1.7828317610029814
0.8	0.32	1.7828317610029814
0.8	0.34	1.7828317610029814
0.8	0.36	1.7828317610029814
0.8	0.38	1.7828317610029814
0.8	0.4	1.7828317610029814
0.8	0.42	1.7828317610029814
0.8	0.44	1.7828317610029814
0.8	0.46	1.7828317610029814
0.8	0.48	1.7828317610029814
0.8	0.5	1.7828317610029814
0.8	0.52	1.7828317610029814
0.8	0.54	1.7828317610029814
0.8	0.56	1.7828317610029814
0.8	0.58	1.7828317610029814
0.8	0.6	1.7828317610029814
0.8	0.62	1.7828317610029814
0.8	0.64	1.7828317610029814
0.8	0.66	1.7828317610029814
0.8	0.68	1.7828317610029814
0.8	0.7000000000000001	1.7828317610029814
0.8	0.72	1.7828317610029814
0.8	0.74	1.7828317610029814
0.8	0.76	1.7828317610029814
0.8	0.78	1.7828317610029814
0.8	0.8	1.7828317610029814
0.8	0.8200000000000001	1.7828317610029814
0.8	0.84	1.7828317610029814
0.8	0.86	1.7828317610029814
0.8	0.88	1.7828317610029814
0.8	0.9	1.7828317610029814
0.8	0.92	1.7828317610029814
0.8	0.9400000000000001	1.7828317610029814
0.8	0.96	1.7828317610029814
0.8	0.98	1.7828317610029814
0.8	1.0	1.7828317610029814
0.8200000000000001	0.0	1.76305174255965
0.8200000000000001	0.02	1.76305174255965
0.8200000000000001	0.04	1.76305174255965
0.8200000000000001	0.06	1.76305174255965
0.8200000000000001	0.08	1.76305174255965
0.8200000000000001	0.1	1.76305174255965
0.8200000000000001	0.12	1.76305174255965
0.8200000000000001	0.14	1.76305174255965
0.8200000000000001	0.16	1.76305174255965
0.8200000000000001	0.18	1.76305174255965
0.8200000000000001	0.2	1.76305174255965
0.8200000000000001	0.22	1.76305174255965
0.8200000000000001	0.24	1.76305174255965
0.8200000000000001	0.26	1.76305174255965
0.8200000000000001	0.28	1.76305174255965
0.8200000000000001	0.3	1.76305174255965
0.8200000000000001	0.32	1.76305174255965
0.8200000000000001	0.34	1.76305174255965
0.8200000000000001	0.36	1.76305174255965
0.8200000000000001	0.38	1.76305174255965
0.8200000000000001	0.4	1.76305174255965
0.8200000000000001	0.42	1.76305174255965
0.8200000000000001	0.44	1.76305174255965
0.8200000000000001	0.46	1.76305174255965
0.8200000000000001	0.48	1.76305174255965
0.8200000000000001	0.5	1.76305174255965
0.8200000000000001	0.52	1.76305174255965
0.8200000000000001	0.54	1.76305174255965
0.8200000000000001	0.56	1.76305174255965
0.8200000000000001	0.58	1.76305174255965
0.8200000000000001	0.6	1.76305174255965
0.8200000000000001	0.62	1.76305174255965
0.8200000000000001	0.64	1.76305174255965
0.8200000000000001	0.66	1.76305174255965
0.8200000000000001	0.68	1.76305174255965
0.8200000000000001	0.7000000000000001	1.76305174255965
0.8200000000000001	0.72	1.76305174255965
0.8200000000000001	0.74	1.76305174255965
0.8200000000000001	0.76	1.76305174255965
0.8200000000000001	0.78	1.76305174255965
0.8200000000000001	0.8	1.76305174255965
0.8200000000000001	0.8200000000000001	1.76305174255965
0.8200000000000001	0.84	1.76305174255965
0.8200000000000001	0.86	1.76305174255965
0.8200000000000001	0.88	1.76305174255965
0.8200000000000001	0.9	1.76305174255965
0.8200000000000001	0.92	1.76305174255965
0.8200000000000001	0.9400000000000001	1.76305174255965
0.8200000000000001	0.96	1.76305174255965
0.8200000000000001	0.98	1.76305174255965
0.8200000000000001	1.0	1.76305174255965
0.84	0.0	1.7426861047421864
0.84	0.02	1.7426861047421864
0.84	0.04	1.7426861047421864
0.84	0.06	1.7426861047421864
0.84	0.08	1.7426861047421864
0.84	0.1	1.7426861047421864
0.84	0.12	1.7426861047421864
0.84	0.14	1.7426861047421864
0.84	0.16	1.7426861047421864
0.84	0.18	1.7426861047421864
0.84	0.2	1.7426861047421864
0.84	0.22	1.7426861047421864
0.84	0.24	1.7426861047421864
0.84	0.26	1.7426861047421864
0.84	0.28	1.7426861047421864
0.84	0.3	1.7426861047421864
0.84	0.32	1.7426861047421864
0.84	0.34	1.7426861047421864
0.84	0.36	1.7426861047421864
0.84	0.38	1.7426861047421864
0.84	0.4	1.7426861047421864
0.84	0.42	1.7426861047421864
0.84	0.44	1.7426861047421864
0.84	0.46	1.7426861047421864
0.84	0.48	1.7426861047421864
0.84	0.5	1.7426861047421864
0.84	0.52	1.7426861047421864
0.84	0.54	1.7426861047421864
0.84	0.56	1.7426861047421864
0.84	0.58	1.7426861047421864
0.84	0.6	1.7426861047421864
0.84	0.62	1.7426861047421864
0.84	0.64	1.7426861047421864
0.84	0.66	1.7426861047421864
0.84	0.68	1.7426861047421864
0.84	0.7000000000000001	1.7426861047421864
0.84	0.72	1.7426861047421864
0.84	0.74	1.7426861047421864
0.84	0.76	1.7426861047421864
0.84	0.78	1.7426861047421864
0.84	0.8	1.7426861047421864
0.84	0.8200000000000001	1.7426861047421864
0.84	0.84	1.7426861047421864
0.84	0.86	1.7426861047421864
0.84	0.88	1.7426861047421864
0.84	0.9	1.7426861047421864
0.84	0.92	1.7426861047421864
0.84	0.9400000000000001	1.7426861047421864
0.84	0.96	1.7426861047421864
0.84	0.98	1.7426861047421864
0.84	1.0	1.7426861047421864
0.86	0.0	1.7217457387573145
0.86	0.02	1.7217457387573145
0.86	0.04	1.7217457387573145
0.86	0.06	1.7217457387573145
0.86	0.08	1.7217457387573145
0.86	0.1	1.7217457387573145
0.86	0.12	1.7217457387573145
0.86	0.14	1.7217457387573145
0.86	0.16	1.7217457387573145
0.86	0.18	1.7217457387573145
0.86	0.2	1.7217457387573145
0.86	0.22	1.7217457387573145
0.86	0.24	1.7217457387573145
0.86	0.26	1.7217457387573145
0.86	0.28	1.7217457387573145
0.86	0.3	1.7217457387573145
0.86	0.32	1.7217457387573145
0.86	0.34	1.7217457387573145
0.86	0.36	1.7217457387573145
0.86	0.38	1.7217457387573145
0.86	0.4	1.7217457387573145
0.86	0.42	1.7217457387573145
0.86	0.44	1.7217457387573145
0.86	0.46	1.7217457387573145
0.86	0.48	1.7217457387573145
0.86	0.5	1.7217457387573145
0.86	0.52	1.7217457387573145
0.86	0.54	1.7217457387573145
0.86	0.56	1.7217457387573145
0.86	0.58	1.7217457387573145
0.86	0.6	1.7217457387573145
0.86	0.62	1.7217457387573145
0.86	0.64	1.7217457387573145
0.86	0.66	1.7217457387573145
0.86	0.68	1.7217457387573145
0.86	0.7000000000000001	1.7217457387573145
0.86	0.72	1.7217457387573145
0.86	0.74	1.7217457387573145
0.86	0.76	1.7217457387573145
0.86	0.78	1.7217457387573145
0.86	0.8	1.7217457387573145
0.86	0.8200000000000001	1.7217457387573145
0.86	0.84	1.7217457387573145
0.86	0.86	1.7217457387573145
0.86	0.88	1.7217457387573145
0.86	0.9	1.7217457387573145
0.86	0.92	1.7217457387573145
0.86	0.9400000000000001	1.7217457387573145
0.86	0.96	1.7217457387573145
0.86	0.98	1.7217457387573145
0.86	1.0	1.7217457387573145
0.88	0.0	1.70024175346316
0.88	0.02	1.70024175346316
0.88	0.04	1.70024175346316
0.88	0.06	1.70024175346316
0.88	0.08	1.70024175346316
0.88	0.1	1.70024175346316
0.88	0.12	1.70024175346316
0.88	0.14	1.70024175346316
0.88	0.16	1.70024175346316
0.88	0.18	1.70024175346316
0.88	0.2	1.70024175346316
0.88	0.22	1.70024175346316
0.88	0.24	1.70024175346316
0.88	0.26	1.70024175346316
0.88	0.28	1.70024175346316
0.88	0.3	1.70024175346316
0.88	0.32	1.70024175346316
0.88	0.34	1.70024175346316
0.88	0.36	1.70024175346316
0.88	0.38	1.70024175346316
0.88	0.4	1.70024175346316
0.88	0.42	1.70024175346316
0.88	0.44	1.70024175346316
0.88	0.46	1.70024175346316
0.88	0.48	1.70024175346316
0.88	0.5	1.70024175346316
0.88	0.52	1.70024175346316
0.88	0.54	1.70024175346316
0.88	0.56	1.70024175346316
0.88	0.58	1.70024175346316
0.88	0.6	1.70024175346316
0.88	0.62	1.70024175346316
0.88	0.64	1.70024175346316
0.88	0.66	1.70024175346316
0.88	0.68	1.70024175346316
0.88	0.7000000000000001	1.70024175346316
0.88	0.72	1.70024175346316
0.88	0.74	1.70024175346316
0.88	0.76	1.70024175346316
0.88	0.78	1.70024175346316
0.88	0.8	1.70024175346316
0.88	0.8200000000000001	1.70024175346316
0.88	0.84	1.70024175346316
0.88	0.86	1.70024175346316
0.88	0.88	1.70024175346316
0.88	0.9	1.70024175346316
0.88	0.92	1.70024175346316
0.88	0.9400000000000001	1.70024175346316
0.88	0.96	1.70024175346316
0.88	0.98	1.70024175346316
0.88	1.0	1.70024175346316
0.9	0.0	1.678185470652559
0.9	0.02	1.678185470652559
0.9	0.04	1.678185470652559
0.9	0.06	1.678185470652559
0.9	0.08	1.678185470652559
0.9	0.1	1.678185470652559
0.9	0.12	1.678185470652559
0.9	0.14	1.678185470652559
0.9	0.16	1.678185470652559
0.9	0.18	1.678185470652559
0.9	0.2	1.678185470652559
0.9	0.22	1.678185470652559
0.9	0.24	1.678185470652559
0.9	0.26	1.678185470652559
0.9	0.28	1.678185470652559
0.9	0.3	1.678185470652559
0.9	0.32	1.678185470652559
0.9	0.34	1.678185470652559
0.9	0.36	1.678185470652559
0.9	0.38	1.678185470652559
0.9	0.4	1.678185470652559
0.9	0.42	1.678185470652559
0.9	0.44	1.678185470652559
0.9	0.46	1.678185470652559
0.9	0.48	1.678185470652559
0.9	0.5	1.678185470652559
0.9	0.52	1.678185470652559
0.9	0.54	1.678185470652559
0.9	0.56	1.678185470652559
0.9	0.58	1.678185470652559
0.9	0.6	1.678185470652559
0.9	0.62	1.678185470652559
0.9	0.64	1.678185470652559
0.9	0.66	1.678185470652559
0.9	0.68	1.678185470652559
0.9	0.7000000000000001	1.678185470652559
0.9	0.72	1.678185470652559
0.9	0.74	1.678185470652559
0.9	0.76	1.678185470652559
0.9	0.78	1.678185470652559
0.9	0.8	1.678185470652559
0.9	0.8200000000000001	1.678185470652559
0.9	0.84	1.678185470652559
0.9	0.86	1.678185470652559
0.9	0.88	1.678185470652559
0.9	0.9	1.678185470652559
0.9	0.92	1.678185470652559
0.9	0.9400000000000001	1.678185470652559
0.9	0.96	1.678185470652559
0.9	0.98	1.678185470652559
0.9	1.0	1.678185470652559
0.92	0.0	1.6555884202524453
0.92	0.02	1.6555884202524453
0.92	0.04	1.6555884202524453
0.92	0.06	1.6555884202524453
0.92	0.08	1.6555884202524453
0.92	0.1	1.6555884202524453
0.92	0.12	1.6555884202524453
0.92	0.14	1.6555884202524453
0.92	0.16	1.6555884202524453
0.92	0.18	1.6555884202524453
0.92	0.2	1.6555884202524453
0.92	0.22	1.6555884202524453
0.92	0.24	1.6555884202524453
0.92	0.26	1.6555884202524453
0.92	0.28	1.6555884202524453
0.92	0.3	1.6555884202524453
0.92	0.32	1.6555884202524453
0.92	0.34	1.6555884202524453
0.92	0.36	1.6555884202524453
0.92	0.38	1.6555884202524453
0.92	0.4	1.6555884202524453
0.92	0.42	1.6555884202524453
0.92	0.44	1.6555884202524453
0.92	0.46	1.6555884202524453
0.92	0.48	1.6555884202524453
0.92	0.5	1.6555884202524453
0.92	0.52	1.6555884202524453
0.92	0.54	1.6555884202524453
0.92	0.56	1.6555884202524453
0.92	0.58	1.6555884202524453
0.92	0.6	1.6555884202524453
0.92	0.62	1.6555884202524453
0.92	0.64	1.6555884202524453
0.92	0.66	1.6555884202524453
0.92	0.68	1.6555884202524453
0.92	0.7000000000000001	1.6555884202524453
0.92	0.72	1.6555884202524453
0.92	0.74	1.6555884202524453
0.92	0.76	1.6555884202524453
0.92	0.78	1.6555884202524453
0.92	0.8	1.6555884202524453
0.92	0.8200000000000001	1.6555884202524453
0.92	0.84	1.6555884202524453
0.92	0.86	1.6555884202524453
0.92	0.88	1.6555884202524453
0.92	0.9	1.6555884202524453
0.92	0.92	1.6555884202524453
0.92	0.9400000000000001	1.6555884202524453
0.92	0.96	1.6555884202524453
0.92	0.98	1.6555884202524453
0.92	1.0	1.6555884202524453
0.9400000000000001	0.0	1.6324623354412646
0.9400000000000001	0.02	1.6324623354412646
0.9400000000000001	0.04	1.6324623354412646
0.9400000000000001	0.06	1.6324623354412646
0.9400000000000001	0.08	1.6324623354412646
0.9400000000000001	0.1	1.6324623354412646
0.9400000000000001	0.12	1.6324623354412646
0.9400000000000001	0.14	1.6324623354412646
0.9400000000000001	0.16	1.6324623354412646
0.9400000000000001	0.18	1.6324623354412646
0.9400000000000001	0.2	1.6324623354412646
0.9400000000000001	0.22	1.6324623354412646
0.9400000000000001	0.24	1.6324623354412646
0.9400000000000001	0.26	1.6324623354412646
0.9400000000000001	0.28	1.6324623354412646
0.9400000000000001	0.3	1.6324623354412646
0.9400000000000001	0.32	1.6324623354412646
0.9400000000000001	0.34	1.6324623354412646
0.9400000000000001	0.36	1.6324623354412646
0.9400000000000001	0.38	1.6324623354412646
0.9400000000000001	0.4	1.6324623354412646
0.9400000000000001	0.42	1.6324623354412646
0.9400000000000001	0.44	1.6324623354412646
0.9400000000000001	0.46	1.6324623354412646
0.9400000000000001	0.48	1.6324623354412646
0.9400000000000001	0.5	1.6324623354412646
0.9400000000000001	0.52	1.6324623354412646
0.9400000000000001	0.54	1.6324623354412646
0.9400000000000001	0.56	1.6324623354412646
0.9400000000000001	0.58	1.6324623354412646
0.9400000000000001	0.6	1.6324623354412646
0.9400000000000001	0.62	1.6324623354412646
0.9400000000000001	0.64	1.6324623354412646
0.9400000000000001	0.66	1.6324623354412646
0.9400000000000001	0.68	1.6324623354412646
0.9400000000000001	0.7000000000000001	1.6324623354412646
0.9400000000000001	0.72	1.6324623354412646
0.9400000000000001	0.74	1.6324623354412646
0.9400000000000001	0.76	1.6324623354412646
0.9400000000000001	0.78	1.6324623354412646
0.9400000000000001	0.8	1.6324623354412646
0.9400000000000001	0.8200000000000001	1.6324623354412646
0.9400000000000001	0.84	1.6324623354412646
0.9400000000000001	0.86	1.6324623354412646
0.9400000000000001	0.88	1.6324623354412646
0.9400000000000001	0.9	1.6324623354412646
0.9400000000000001	0.92	1.6324623354412646
0.9400000000000001	0.9400000000000001	1.6324623354412646
0.9400000000000001	0.96	1.6324623354412646
0.9400000000000001	0.98	1.6324623354412646
0.9400000000000001	1.0	1.6324623354412646
0.96	0.0	1.6088191476863962
0.96	0.02	1.6088191476863962
0.96	0.04	1.6088191476863962
0.96	0.06	1.6088191476863962
0.96	0.08	1.6088191476863962
0.96	0.1	1.6088191476863962
0.96	0.12	1.6088191476863962
0.96	0.14	1.6088191476863962
0.96	0.16	1.6088191476863962
0.96	0.18	1.6088191476863962
0.96	0.2	1.6088191476863962
0.96	0.22	1.6088191476863962
0.96	0.24	1.6088191476863962
0.96	0.26	1.6088191476863962
0.96	0.28	1.6088191476863962
0.96	0.3	1.6088191476863962
0.96	0.32	1.6088191476863962
0.96	0.34	1.6088191476863962
0.96	0.36	1.6088191476863962
0.96	0.38	1.6088191476863962
0.96	0.4	1.6088191476863962
0.96	0.42	1.6088191476863962
0.96	0.44	1.6088191476863962
0.96	0.46	1.6088191476863962
0.96	0.48	1.6088191476863962
0.96	0.5	1.6088191476863962
0.96	0.52	1.6088191476863962
0.96	0.54	1.6088191476863962
0.96	0.56	1.6088191476863962
0.96	0.58	1.6088191476863962
0.96	0.6	1.6088191476863962
0.96	0.62	1.6088191476863962
0.96	0.64	1.6088191476863962
0.96	0.66	1.6088191476863962
0.96	0.68	1.6088191476863962
0.96	0.7000000000000001	1.6088191476863962
0.96	0.72	1.6088191476863962
0.96	0.74	1.6088191476863962
0.96	0.76	1.6088191476863962
0.96	0.78	1.6088191476863962
0.96	0.8	1.6088191476863962
0.96	0.8200000000000001	1.6088191476863962
0.96	0.84	1.6088191476863962
0.96	0.86	1.6088191476863962
0.96	0.88	1.6088191476863962
0.96	0.9	1.6088191476863962
0.96	0.92	1.6088191476863962
0.96	0.9400000000000001	1.6088191476863962
0.96	0.96	1.6088191476863962
0.96	0.98	1.6088191476863962
0.96	1.0	1.6088191476863962
0.98	0.0	1.5846709817035927
0.98	0.02	1.5846709817035927
0.98	0.04	1.5846709817035927
0.98	0.06	1.5846709817035927
0.98	0.08	1.5846709817035927
0.98	0.1	1.5846709817035927
0.98	0.12	1.5846709817035927
0.98	0.14	1.5846709817035927
0.98	0.16	1.5846709817035927
0.98	0.18	1.5846709817035927
0.98	0.2	1.5846709817035927
0.98	0.22	1.5846709817035927
0.98	0.24	1.5846709817035927
0.98	0.26	1.5846709817035927
0.98	0.28	1.5846709817035927
0.98	0.3	1.5846709817035927
0.98	0.32	1.5846709817035927
0.98	0.34	1.5846709817035927
0.98	0.36	1.5846709817035927
0.98	0.38	1.5846709817035927
0.98	0.4	1.5846709817035927
0.98	0.42	1.5846709817035927
0.98	0.44	1.5846709817035927
0.98	0.46	1.5846709817035927
0.98	0.48	1.5846709817035927
0.98	0.5	1.5846709817035927
0.98	0.52	1.5846709817035927
0.98	0.54	1.5846709817035927
0.98	0.56	1.5846709817035927
0.98	0.58	1.5846709817035927
0.98	0.6	1.5846709817035927
0.98	0.62	1.5846709817035927
0.98	0.64	1.5846709817035927
0.98	0.66	1.5846709817035927
0.98	0.68	1.5846709817035927
0.98	0.7000000000000001	1.5846709817035927
0.98	0.72	1.5846709817035927
0.98	0.74	1.5846709817035927
0.98	0.76	1.5846709817035927
0.98	0.78	1.5846709817035927
0.98	0.8	1.5846709817035927
0.98	0.8200000000000001	1.5846709817035927
0.98	0.84	1.5846709817035927
0.98	0.86	1.5846709817035927
0.98	0.88	1.5846709817035927
0.98	0.9	1.5846709817035927
0.98	0.92	1.5846709817035927
0.98	0.9400000000000001	1.5846709817035927
0.98	0.96	1.5846709817035927
0.98	0.98	1.5846709817035927
0.98	1.0	1.5846709817035927
1.0	0.0	1.5600301503404825
1.0	0.02	1.5600301503404825
1.0	0.04	1.5600301503404825
1.0	0.06	1.5600301503404825
1.0	0.08	1.5600301503404825
1.0	0.1	1.5600301503404825
1.0	0.12	1.5600301503404825
1.0	0.14	1.5600301503404825
1.0	0.16	1.5600301503404825
1.0	0.18	1.5600301503404825
1.0	0.2	1.5600301503404825
1.0	0.22	1.5600301503404825
1.0	0.24	1.5600301503404825
1.0	0.26	1.5600301503404825
1.0	0.28	1.5600301503404825
1.0	0.3	1.5600301503404825
1.0	0.32	1.5600301503404825
1.0	0.34	1.5600301503404825
1.0	0.36	1.5600301503404825
1.0	0.38	1.5600301503404825
1.0	0.4	1.5600301503404825
1.0	0.42	1.5600301503404825
1.0	0.44	1.5600301503404825
1.0	0.46	1.5600301503404825
1.0	0.48	1.5600301503404825
1.0	0.5	1.5600301503404825
1.0	0.52	1.5600301503404825
1.0	0.54	1.5600301503404825
1.0	0.56	1.5600301503404825
1.0	0.58	1.5600301503404825
1.0	0.6	1.5600301503404825
1.0	0.62	1.5600301503404825
1.0	0.64	1.5600301503404825
1.0	0.66	1.5600301503404825
1.0	0.68	1.5600301503404825
1.0	0.7000000000000001	1.5600301503404825
1.0	0.72	1.5600301503404825
1.0	0.74	1.5600301503404825
1.0	0.76	1.5600301503404825
1.0	0.78	1.5600301503404825
1.0	0.8	1.5600301503404825
1.0	0.8200000000000001	1.5600301503404825
1.0	0.84	1.5600301503404825
1.0	0.86	1.5600301503404825
1.0	0.88	1.5600301503404825
1.0	0.9	1.5600301503404825
1.0	0.92	1.5600301503404825
1.0	0.9400000000000001	1.5600301503404825
1.0	0.96	1.5600301503404825
1.0	0.98	1.5600301503404825
1.0	1.0	1.5600301503404825