2 100 -5 5 2601
-1000.0	-1000.0	4007001.0
-1000.0	-960.0	3886721.0
-1000.0	-920.0	3766441.0
-1000.0	-880.0	3646161.0
-1000.0	-840.0	3525881.0
-1000.0	-800.0	3405601.0
-1000.0	-760.0	3285321.0
-1000.0	-720.0	3165041.0
-1000.0	-680.0	3044761.0
-1000.0	-640.0	2924481.0
-1000.0	-600.0	2804201.0
-1000.0	-560.0	2683921.0
-1000.0	-520.0	2563641.0
-1000.0	-480.0	2443361.0
-1000.0	-440.0	2323081.0
-1000.0	-400.0	2202801.0
-1000.0	-360.0	2082521.0
-1000.0	-320.0	1962241.0
-1000.0	-280.0	1841961.0
-1000.0	-240.0	1721681.0
-1000.0	-200.0	1601401.0
-1000.0	-160.0	1481121.0
-1000.0	-120.0	1360841.0
-1000.0	-80.0	1240561.0
-1000.0	-40.0	1120281.0
-1000.0	0.0	1000001.0
-1000.0	40.0	879721.0
-1000.0	80.0	759441.0
-1000.0	120.0	639161.0
-1000.0	160.0	518881.0
-1000.0	200.0	398601.0
-1000.0	240.0	278321.0
-1000.0	280.0	158041.0
-1000.0	320.0	37761.0
-1000.0	360.0	-82519.0
-1000.0	400.0	-202799.0
-1000.0	440.0	-323079.0
-1000.0	480.0	-443359.0
-1000.0	520.0	-563639.0
-1000.0	560.0	-683919.0
-1000.0	600.0	-804199.0
-1000.0	640.0	-924479.0
-1000.0	680.0	-1044759.0
-1000.0	720.0	-1165039.0
-1000.0	760.0	-1285319.0
-1000.0	800.0	-1405599.0
-1000.0	840.0	-1525879.0
-1000.0	880.0	-1646159.0
-1000.0	920.0	-1766439.0
-1000.0	960.0	-1886719.0
-1000.0	1000.0	-2006999.0
-960.0	-1000.0	3808601.0
-960.0	-960.0	3693121.0
-960.0	-920.0	3577641.0
-960.0	-880.0	3462161.0
-960.0	-840.0	3346681.0
-960.0	-800.0	3231201.0
-960.0	-760.0	3115721.0
-960.0	-720.0	3000241.0
-960.0	-680.0	2884761.0
-960.0	-640.0	2769281.0
-960.0	-600.0	2653801.0
-960.0	-560.0	2538321.0
-960.0	-520.0	2422841.0
-960.0	-480.0	2307361.0
-960.0	-440.0	2191881.0
-960.0	-400.0	2076401.0
-960.0	-360.0	1960921.0
-960.0	-320.0	1845441.0
-960.0	-280.0	1729961.0
-960.0	-240.0	1614481.0
-960.0	-200.0	1499001.0
-960.0	-160.0	1383521.0
-960.0	-120.0	1268041.0
-960.0	-80.0	1152561.0
-960.0	-40.0	1037081.0
-960.0	0.0	921601.0
-960.0	40.0	806121.0
-960.0	80.0	690641.0
-960.0	120.0	575161.0
-960.0	160.0	459681.0
-960.0	200.0	344201.0
-960.0	240.0	228721.0
-960.0	280.0	113241.0
-960.0	320.0	-2239.0
-960.0	360.0	-117719.0
-960.0	400.0	-233199.0
-960.0	440.0	-348679.0
-960.0	480.0	-464159.0
-960.0	520.0	-579639.0
-960.0	560.0	-695119.0
-960.0	600.0	-810599.0
-960.0	640.0	-926079.0
-960.0	680.0	-1041559.0
-960.0	720.0	-1157039.0
-960.0	760.0	-1272519.0
-960.0	800.0	-1387999.0
-960.0	840.0	-1503479.0
-960.0	880.0	-1618959.0
-960.0	920.0	-1734439.0
-960.0	960.0	-1849919.0
-960.0	1000.0	-1965399.0
-920.0	-1000.0	3613401.0
-920.0	-960.0	3502721.0
-920.0	-920.0	3392041.0
-920.0	-880.0	3281361.0
-920.0	-840.0	3170681.0
-920.0	-800.0	3060001.0
-920.0	-760.0	2949321.0
-920.0	-720.0	2838641.0
-920.0	-680.0	2727961.0
-920.0	-640.0	2617281.0
-920.0	-600.0	2506601.0
-920.0	-560.0	2395921.0
-920.0	-520.0	2285241.0
-920.0	-480.0	2174561.0
-920.0	-440.0	2063881.0
-920.0	-400.0	1953201.0
-920.0	-360.0	1842521.0
-920.0	-320.0	1731841.0
-920.0	-280.0	1621161.0
-920.0	-240.0	1510481.0
-920.0	-200.0	1399801.0
-920.0	-160.0	1289121.0
-920.0	-120.0	1178441.0
-920.0	-80.0	1067761.0
-920.0	-40.0	957081.0
-920.0	0.0	846401.0
-920.0	40.0	735721.0
-920.0	80.0	625041.0
-920.0	120.0	514361.0
-920.0	160.0	403681.0
-920.0	200.0	293001.0
-920.0	240.0	182321.0
-920.0	280.0	71641.0
-920.0	320.0	-39039.0
-920.0	360.0	-149719.0
-920.0	400.0	-260399.0
-920.0	440.0	-371079.0
-920.0	480.0	-481759.0
-920.0	520.0	-592439.0
-920.0	560.0	-703119.0
-920.0	600.0	-813799.0
-920.0	640.0	-924479.0
-920.0	680.0	-1035159.0
-920.0	720.0	-1145839.0
-920.0	760.0	-1256519.0
-920.0	800.0	-1367199.0
-920.0	840.0	-1477879.0
-920.0	880.0	-1588559.0
-920.0	920.0	-1699239.0
-920.0	960.0	-1809919.0
-920.0	1000.0	-1920599.0
-880.0	-1000.0	3421401.0
-880.0	-960.0	3315521.0
-880.0	-920.0	3209641.0
-880.0	-880.0	3103761.0
-880.0	-840.0	2997881.0
-880.0	-800.0	2892001.0
-880.0	-760.0	2786121.0
-880.0	-720.0	2680241.0
-880.0	-680.0	2574361.0
-880.0	-640.0	2468481.0
-880.0	-600.0	2362601.0
-880.0	-560.0	2256721.0
-880.0	-520.0	2150841.0
-880.0	-480.0	2044961.0
-880.0	-440.0	1939081.0
-880.0	-400.0	1833201.0
-880.0	-360.0	1727321.0
-880.0	-320.0	1621441.0
-880.0	-280.0	1515561.0
-880.0	-240.0	1409681.0
-880.0	-200.0	1303801.0
-880.0	-160.0	1197921.0
-880.0	-120.0	1092041.0
-880.0	-80.0	986161.0
-880.0	-40.0	880281.0
-880.0	0.0	774401.0
-880.0	40.0	668521.0
-880.0	80.0	562641.0
-880.0	120.0	456761.0
-880.0	160.0	350881.0
-880.0	200.0	245001.0
-880.0	240.0	139121.0
-880.0	280.0	33241.0
-880.0	320.0	-72639.0
-880.0	360.0	-178519.0
-880.0	400.0	-284399.0
-880.0	440.0	-390279.0
-880.0	480.0	-496159.0
-880.0	520.0	-602039.0
-880.0	560.0	-707919.0
-880.0	600.0	-813799.0
-880.0	640.0	-919679.0
-880.0	680.0	-1025559.0
-880.0	720.0	-1131439.0
-880.0	760.0	-1237319.0
-880.0	800.0	-1343199.0
-880.0	840.0	-1449079.0
-880.0	880.0	-1554959.0
-880.0	920.0	-1660839.0
-880.0	960.0	-1766719.0
-880.0	1000.0	-1872599.0
-840.0	-1000.0	3232601.0
-840.0	-960.0	3131521.0
-840.0	-920.0	3030441.0
-840.0	-880.0	2929361.0
-840.0	-840.0	2828281.0
-840.0	-800.0	2727201.0
-840.0	-760.0	2626121.0
-840.0	-720.0	2525041.0
-840.0	-680.0	2423961.0
-840.0	-640.0	2322881.0
-840.0	-600.0	2221801.0
-840.0	-560.0	2120721.0
-840.0	-520.0	2019641.0
-840.0	-480.0	1918561.0
-840.0	-440.0	1817481.0
-840.0	-400.0	1716401.0
-840.0	-360.0	1615321.0
-840.0	-320.0	1514241.0
-840.0	-280.0	1413161.0
-840.0	-240.0	1312081.0
-840.0	-200.0	1211001.0
-840.0	-160.0	1109921.0
-840.0	-120.0	1008841.0
-840.0	-80.0	907761.0
-840.0	-40.0	806681.0
-840.0	0.0	705601.0
-840.0	40.0	604521.0
-840.0	80.0	503441.0
-840.0	120.0	402361.0
-840.0	160.0	301281.0
-840.0	200.0	200201.0
-840.0	240.0	99121.0
-840.0	280.0	-1959.0
-840.0	320.0	-103039.0
-840.0	360.0	-204119.0
-840.0	400.0	-305199.0
-840.0	440.0	-406279.0
-840.0	480.0	-507359.0
-840.0	520.0	-608439.0
-840.0	560.0	-709519.0
-840.0	600.0	-810599.0
-840.0	640.0	-911679.0
-840.0	680.0	-1012759.0
-840.0	720.0	-1113839.0
-840.0	760.0	-1214919.0
-840.0	800.0	-1315999.0
-840.0	840.0	-1417079.0
-840.0	880.0	-1518159.0
-840.0	920.0	-1619239.0
-840.0	960.0	-1720319.0
-840.0	1000.0	-1821399.0
-800.0	-1000.0	3047001.0
-800.0	-960.0	2950721.0
-800.0	-920.0	2854441.0
-800.0	-880.0	2758161.0
-800.0	-840.0	2661881.0
-800.0	-800.0	2565601.0
-800.0	-760.0	2469321.0
-800.0	-720.0	2373041.0
-800.0	-680.0	2276761.0
-800.0	-640.0	2180481.0
-800.0	-600.0	2084201.0
-800.0	-560.0	1987921.0
-800.0	-520.0	1891641.0
-800.0	-480.0	1795361.0
-800.0	-440.0	1699081.0
-800.0	-400.0	1602801.0
-800.0	-360.0	1506521.0
-800.0	-320.0	1410241.0
-800.0	-280.0	1313961.0
-800.0	-240.0	1217681.0
-800.0	-200.0	1121401.0
-800.0	-160.0	1025121.0
-800.0	-120.0	928841.0
-800.0	-80.0	832561.0
-800.0	-40.0	736281.0
-800.0	0.0	640001.0
-800.0	40.0	543721.0
-800.0	80.0	447441.0
-800.0	120.0	351161.0
-800.0	160.0	254881.0
-800.0	200.0	158601.0
-800.0	240.0	62321.0
-800.0	280.0	-33959.0
-800.0	320.0	-130239.0
-800.0	360.0	-226519.0
-800.0	400.0	-322799.0
-800.0	440.0	-419079.0
-800.0	480.0	-515359.0
-800.0	520.0	-611639.0
-800.0	560.0	-707919.0
-800.0	600.0	-804199.0
-800.0	640.0	-900479.0
-800.0	680.0	-996759.0
-800.0	720.0	-1093039.0
-800.0	760.0	-1189319.0
-800.0	800.0	-1285599.0
-800.0	840.0	-1381879.0
-800.0	880.0	-1478159.0
-800.0	920.0	-1574439.0
-800.0	960.0	-1670719.0
-800.0	1000.0	-1766999.0
-760.0	-1000.0	2864601.0
-760.0	-960.0	2773121.0
-760.0	-920.0	2681641.0
-760.0	-880.0	2590161.0
-760.0	-840.0	2498681.0
-760.0	-800.0	2407201.0
-760.0	-760.0	2315721.0
-760.0	-720.0	2224241.0
-760.0	-680.0	2132761.0
-760.0	-640.0	2041281.0
-760.0	-600.0	1949801.0
-760.0	-560.0	1858321.0
-760.0	-520.0	1766841.0
-760.0	-480.0	1675361.0
-760.0	-440.0	1583881.0
-760.0	-400.0	1492401.0
-760.0	-360.0	1400921.0
-760.0	-320.0	1309441.0
-760.0	-280.0	1217961.0
-760.0	-240.0	1126481.0
-760.0	-200.0	1035001.0
-760.0	-160.0	943521.0
-760.0	-120.0	852041.0
-760.0	-80.0	760561.0
-760.0	-40.0	669081.0
-760.0	0.0	577601.0
-760.0	40.0	486121.0
-760.0	80.0	394641.0
-760.0	120.0	303161.0
-760.0	160.0	211681.0
-760.0	200.0	120201.0
-760.0	240.0	28721.0
-760.0	280.0	-62759.0
-760.0	320.0	-154239.0
-760.0	360.0	-245719.0
-760.0	400.0	-337199.0
-760.0	440.0	-428679.0
-760.0	480.0	-520159.0
-760.0	520.0	-611639.0
-760.0	560.0	-703119.0
-760.0	600.0	-794599.0
-760.0	640.0	-886079.0
-760.0	680.0	-977559.0
-760.0	720.0	-1069039.0
-760.0	760.0	-1160519.0
-760.0	800.0	-1251999.0
-760.0	840.0	-1343479.0
-760.0	880.0	-1434959.0
-760.0	920.0	-1526439.0
-760.0	960.0	-1617919.0
-760.0	1000.0	-1709399.0
-720.0	-1000.0	2685401.0
-720.0	-960.0	2598721.0
-720.0	-920.0	2512041.0
-720.0	-880.0	2425361.0
-720.0	-840.0	2338681.0
-720.0	-800.0	2252001.0
-720.0	-760.0	2165321.0
-720.0	-720.0	2078641.0
-720.0	-680.0	1991961.0
-720.0	-640.0	1905281.0
-720.0	-600.0	1818601.0
-720.0	-560.0	1731921.0
-720.0	-520.0	1645241.0
-720.0	-480.0	1558561.0
-720.0	-440.0	1471881.0
-720.0	-400.0	1385201.0
-720.0	-360.0	1298521.0
-720.0	-320.0	1211841.0
-720.0	-280.0	1125161.0
-720.0	-240.0	1038481.0
-720.0	-200.0	951801.0
-720.0	-160.0	865121.0
-720.0	-120.0	778441.0
-720.0	-80.0	691761.0
-720.0	-40.0	605081.0
-720.0	0.0	518401.0
-720.0	40.0	431721.0
-720.0	80.0	345041.0
-720.0	120.0	258361.0
-720.0	160.0	171681.0
-720.0	200.0	85001.0
-720.0	240.0	-1679.0
-720.0	280.0	-88359.0
-720.0	320.0	-175039.0
-720.0	360.0	-261719.0
-720.0	400.0	-348399.0
-720.0	440.0	-435079.0
-720.0	480.0	-521759.0
-720.0	520.0	-608439.0
-720.0	560.0	-695119.0
-720.0	600.0	-781799.0
-720.0	640.0	-868479.0
-720.0	680.0	-955159.0
-720.0	720.0	-1041839.0
-720.0	760.0	-1128519.0
-720.0	800.0	-1215199.0
-720.0	840.0	-1301879.0
-720.0	880.0	-1388559.0
-720.0	920.0	-1475239.0
-720.0	960.0	-1561919.0
-720.0	1000.0	-1648599.0
-680.0	-1000.0	2509401.0
-680.0	-960.0	2427521.0
-680.0	-920.0	2345641.0
-680.0	-880.0	2263761.0
-680.0	-840.0	2181881.0
-680.0	-800.0	2100001.0
-680.0	-760.0	2018121.0
-680.0	-720.0	1936241.0
-680.0	-680.0	1854361.0
-680.0	-640.0	1772481.0
-680.0	-600.0	1690601.0
-680.0	-560.0	1608721.0
-680.0	-520.0	1526841.0
-680.0	-480.0	1444961.0
-680.0	-440.0	1363081.0
-680.0	-400.0	1281201.0
-680.0	-360.0	1199321.0
-680.0	-320.0	1117441.0
-680.0	-280.0	1035561.0
-680.0	-240.0	953681.0
-680.0	-200.0	871801.0
-680.0	-160.0	789921.0
-680.0	-120.0	708041.0
-680.0	-80.0	626161.0
-680.0	-40.0	544281.0
-680.0	0.0	462401.0
-680.0	40.0	380521.0
-680.0	80.0	298641.0
-680.0	120.0	216761.0
-680.0	160.0	134881.0
-680.0	200.0	53001.0
-680.0	240.0	-28879.0
-680.0	280.0	-110759.0
-680.0	320.0	-192639.0
-680.0	360.0	-274519.0
-680.0	400.0	-356399.0
-680.0	440.0	-438279.0
-680.0	480.0	-520159.0
-680.0	520.0	-602039.0
-680.0	560.0	-683919.0
-680.0	600.0	-765799.0
-680.0	640.0	-847679.0
-680.0	680.0	-929559.0
-680.0	720.0	-1011439.0
-680.0	760.0	-1093319.0
-680.0	800.0	-1175199.0
-680.0	840.0	-1257079.0
-680.0	880.0	-1338959.0
-680.0	920.0	-1420839.0
-680.0	960.0	-1502719.0
-680.0	1000.0	-1584599.0
-640.0	-1000.0	2336601.0
-640.0	-960.0	2259521.0
-640.0	-920.0	2182441.0
-640.0	-880.0	2105361.0
-640.0	-840.0	2028281.0
-640.0	-800.0	1951201.0
-640.0	-760.0	1874121.0
-640.0	-720.0	1797041.0
-640.0	-680.0	1719961.0
-640.0	-640.0	1642881.0
-640.0	-600.0	1565801.0
-640.0	-560.0	1488721.0
-640.0	-520.0	1411641.0
-640.0	-480.0	1334561.0
-640.0	-440.0	1257481.0
-640.0	-400.0	1180401.0
-640.0	-360.0	1103321.0
-640.0	-320.0	1026241.0
-640.0	-280.0	949161.0
-640.0	-240.0	872081.0
-640.0	-200.0	795001.0
-640.0	-160.0	717921.0
-640.0	-120.0	640841.0
-640.0	-80.0	563761.0
-640.0	-40.0	486681.0
-640.0	0.0	409601.0
-640.0	40.0	332521.0
-640.0	80.0	255441.0
-640.0	120.0	178361.0
-640.0	160.0	101281.0
-640.0	200.0	24201.0
-640.0	240.0	-52879.0
-640.0	280.0	-129959.0
-640.0	320.0	-207039.0
-640.0	360.0	-284119.0
-640.0	400.0	-361199.0
-640.0	440.0	-438279.0
-640.0	480.0	-515359.0
-640.0	520.0	-592439.0
-640.0	560.0	-669519.0
-640.0	600.0	-746599.0
-640.0	640.0	-823679.0
-640.0	680.0	-900759.0
-640.0	720.0	-977839.0
-640.0	760.0	-1054919.0
-640.0	800.0	-1131999.0
-640.0	840.0	-1209079.0
-640.0	880.0	-1286159.0
-640.0	920.0	-1363239.0
-640.0	960.0	-1440319.0
-640.0	1000.0	-1517399.0
-600.0	-1000.0	2167001.0
-600.0	-960.0	2094721.0
-600.0	-920.0	2022441.0
-600.0	-880.0	1950161.0
-600.0	-840.0	1877881.0
-600.0	-800.0	1805601.0
-600.0	-760.0	1733321.0
-600.0	-720.0	1661041.0
-600.0	-680.0	1588761.0
-600.0	-640.0	1516481.0
-600.0	-600.0	1444201.0
-600.0	-560.0	1371921.0
-600.0	-520.0	1299641.0
-600.0	-480.0	1227361.0
-600.0	-440.0	1155081.0
-600.0	-400.0	1082801.0
-600.0	-360.0	1010521.0
-600.0	-320.0	938241.0
-600.0	-280.0	865961.0
-600.0	-240.0	793681.0
-600.0	-200.0	721401.0
-600.0	-160.0	649121.0
-600.0	-120.0	576841.0
-600.0	-80.0	504561.0
-600.0	-40.0	432281.0
-600.0	0.0	360001.0
-600.0	40.0	287721.0
-600.0	80.0	215441.0
-600.0	120.0	143161.0
-600.0	160.0	70881.0
-600.0	200.0	-1399.0
-600.0	240.0	-73679.0
-600.0	280.0	-145959.0
-600.0	320.0	-218239.0
-600.0	360.0	-290519.0
-600.0	400.0	-362799.0
-600.0	440.0	-435079.0
-600.0	480.0	-507359.0
-600.0	520.0	-579639.0
-600.0	560.0	-651919.0
-600.0	600.0	-724199.0
-600.0	640.0	-796479.0
-600.0	680.0	-868759.0
-600.0	720.0	-941039.0
-600.0	760.0	-1013319.0
-600.0	800.0	-1085599.0
-600.0	840.0	-1157879.0
-600.0	880.0	-1230159.0
-600.0	920.0	-1302439.0
-600.0	960.0	-1374719.0
-600.0	1000.0	-1446999.0
-560.0	-1000.0	2000601.0
-560.0	-960.0	1933121.0
-560.0	-920.0	1865641.0
-560.0	-880.0	1798161.0
-560.0	-840.0	1730681.0
-560.0	-800.0	1663201.0
-560.0	-760.0	1595721.0
-560.0	-720.0	1528241.0
-560.0	-680.0	1460761.0
-560.0	-640.0	1393281.0
-560.0	-600.0	1325801.0
-560.0	-560.0	1258321.0
-560.0	-520.0	1190841.0
-560.0	-480.0	1123361.0
-560.0	-440.0	1055881.0
-560.0	-400.0	988401.0
-560.0	-360.0	920921.0
-560.0	-320.0	853441.0
-560.0	-280.0	785961.0
-560.0	-240.0	718481.0
-560.0	-200.0	651001.0
-560.0	-160.0	583521.0
-560.0	-120.0	516041.0
-560.0	-80.0	448561.0
-560.0	-40.0	381081.0
-560.0	0.0	313601.0
-560.0	40.0	246121.0
-560.0	80.0	178641.0
-560.0	120.0	111161.0
-560.0	160.0	43681.0
-560.0	200.0	-23799.0
-560.0	240.0	-91279.0
-560.0	280.0	-158759.0
-560.0	320.0	-226239.0
-560.0	360.0	-293719.0
-560.0	400.0	-361199.0
-560.0	440.0	-428679.0
-560.0	480.0	-496159.0
-560.0	520.0	-563639.0
-560.0	560.0	-631119.0
-560.0	600.0	-698599.0
-560.0	640.0	-766079.0
-560.0	680.0	-833559.0
-560.0	720.0	-901039.0
-560.0	760.0	-968519.0
-560.0	800.0	-1035999.0
-560.0	840.0	-1103479.0
-560.0	880.0	-1170959.0
-560.0	920.0	-1238439.0
-560.0	960.0	-1305919.0
-560.0	1000.0	-1373399.0
-520.0	-1000.0	1837401.0
-520.0	-960.0	1774721.0
-520.0	-920.0	1712041.0
-520.0	-880.0	1649361.0
-520.0	-840.0	1586681.0
-520.0	-800.0	1524001.0
-520.0	-760.0	1461321.0
-520.0	-720.0	1398641.0
-520.0	-680.0	1335961.0
-520.0	-640.0	1273281.0
-520.0	-600.0	1210601.0
-520.0	-560.0	1147921.0
-520.0	-520.0	1085241.0
-520.0	-480.0	1022561.0
-520.0	-440.0	959881.0
-520.0	-400.0	897201.0
-520.0	-360.0	834521.0
-520.0	-320.0	771841.0
-520.0	-280.0	709161.0
-520.0	-240.0	646481.0
-520.0	-200.0	583801.0
-520.0	-160.0	521121.0
-520.0	-120.0	458441.0
-520.0	-80.0	395761.0
-520.0	-40.0	333081.0
-520.0	0.0	270401.0
-520.0	40.0	207721.0
-520.0	80.0	145041.0
-520.0	120.0	82361.0
-520.0	160.0	19681.0
-520.0	200.0	-42999.0
-520.0	240.0	-105679.0
-520.0	280.0	-168359.0
-520.0	320.0	-231039.0
-520.0	360.0	-293719.0
-520.0	400.0	-356399.0
-520.0	440.0	-419079.0
-520.0	480.0	-481759.0
-520.0	520.0	-544439.0
-520.0	560.0	-607119.0
-520.0	600.0	-669799.0
-520.0	640.0	-732479.0
-520.0	680.0	-795159.0
-520.0	720.0	-857839.0
-520.0	760.0	-920519.0
-520.0	800.0	-983199.0
-520.0	840.0	-1045879.0
-520.0	880.0	-1108559.0
-520.0	920.0	-1171239.0
-520.0	960.0	-1233919.0
-520.0	1000.0	-1296599.0
-480.0	-1000.0	1677401.0
-480.0	-960.0	1619521.0
-480.0	-920.0	1561641.0
-480.0	-880.0	1503761.0
-480.0	-840.0	1445881.0
-480.0	-800.0	1388001.0
-480.0	-760.0	1330121.0
-480.0	-720.0	1272241.0
-480.0	-680.0	1214361.0
-480.0	-640.0	1156481.0
-480.0	-600.0	1098601.0
-480.0	-560.0	1040721.0
-480.0	-520.0	982841.0
-480.0	-480.0	924961.0
-480.0	-440.0	867081.0
-480.0	-400.0	809201.0
-480.0	-360.0	751321.0
-480.0	-320.0	693441.0
-480.0	-280.0	635561.0
-480.0	-240.0	577681.0
-480.0	-200.0	519801.0
-480.0	-160.0	461921.0
-480.0	-120.0	404041.0
-480.0	-80.0	346161.0
-480.0	-40.0	288281.0
-480.0	0.0	230401.0
-480.0	40.0	172521.0
-480.0	80.0	114641.0
-480.0	120.0	56761.0
-480.0	160.0	-1119.0
-480.0	200.0	-58999.0
-480.0	240.0	-116879.0
-480.0	280.0	-174759.0
-480.0	320.0	-232639.0
-480.0	360.0	-290519.0
-480.0	400.0	-348399.0
-480.0	440.0	-406279.0
-480.0	480.0	-464159.0
-480.0	520.0	-522039.0
-480.0	560.0	-579919.0
-480.0	600.0	-637799.0
-480.0	640.0	-695679.0
-480.0	680.0	-753559.0
-480.0	720.0	-811439.0
-480.0	760.0	-869319.0
-480.0	800.0	-927199.0
-480.0	840.0	-985079.0
-480.0	880.0	-1042959.0
-480.0	920.0	-1100839.0
-480.0	960.0	-1158719.0
-480.0	1000.0	-1216599.0
-440.0	-1000.0	1520601.0
-440.0	-960.0	1467521.0
-440.0	-920.0	1414441.0
-440.0	-880.0	1361361.0
-440.0	-840.0	1308281.0
-440.0	-800.0	1255201.0
-440.0	-760.0	1202121.0
-440.0	-720.0	1149041.0
-440.0	-680.0	1095961.0
-440.0	-640.0	1042881.0
-440.0	-600.0	989801.0
-440.0	-560.0	936721.0
-440.0	-520.0	883641.0
-440.0	-480.0	830561.0
-440.0	-440.0	777481.0
-440.0	-400.0	724401.0
-440.0	-360.0	671321.0
-440.0	-320.0	618241.0
-440.0	-280.0	565161.0
-440.0	-240.0	512081.0
-440.0	-200.0	459001.0
-440.0	-160.0	405921.0
-440.0	-120.0	352841.0
-440.0	-80.0	299761.0
-440.0	-40.0	246681.0
-440.0	0.0	193601.0
-440.0	40.0	140521.0
-440.0	80.0	87441.0
-440.0	120.0	34361.0
-440.0	160.0	-18719.0
-440.0	200.0	-71799.0
-440.0	240.0	-124879.0
-440.0	280.0	-177959.0
-440.0	320.0	-231039.0
-440.0	360.0	-284119.0
-440.0	400.0	-337199.0
-440.0	440.0	-390279.0
-440.0	480.0	-443359.0
-440.0	520.0	-496439.0
-440.0	560.0	-549519.0
-440.0	600.0	-602599.0
-440.0	640.0	-655679.0
-440.0	680.0	-708759.0
-440.0	720.0	-761839.0
-440.0	760.0	-814919.0
-440.0	800.0	-867999.0
-440.0	840.0	-921079.0
-440.0	880.0	-974159.0
-440.0	920.0	-1027239.0
-440.0	960.0	-1080319.0
-440.0	1000.0	-1133399.0
-400.0	-1000.0	1367001.0
-400.0	-960.0	1318721.0
-400.0	-920.0	1270441.0
-400.0	-880.0	1222161.0
-400.0	-840.0	1173881.0
-400.0	-800.0	1125601.0
-400.0	-760.0	1077321.0
-400.0	-720.0	1029041.0
-400.0	-680.0	980761.0
-400.0	-640.0	932481.0
-400.0	-600.0	884201.0
-400.0	-560.0	835921.0
-400.0	-520.0	787641.0
-400.0	-480.0	739361.0
-400.0	-440.0	691081.0
-400.0	-400.0	642801.0
-400.0	-360.0	594521.0
-400.0	-320.0	546241.0
-400.0	-280.0	497961.0
-400.0	-240.0	449681.0
-400.0	-200.0	401401.0
-400.0	-160.0	353121.0
-400.0	-120.0	304841.0
-400.0	-80.0	256561.0
-400.0	-40.0	208281.0
-400.0	0.0	160001.0
-400.0	40.0	111721.0
-400.0	80.0	63441.0
-400.0	120.0	15161.0
-400.0	160.0	-33119.0
-400.0	200.0	-81399.0
-400.0	240.0	-129679.0
-400.0	280.0	-177959.0
-400.0	320.0	-226239.0
-400.0	360.0	-274519.0
-400.0	400.0	-322799.0
-400.0	440.0	-371079.0
-400.0	480.0	-419359.0
-400.0	520.0	-467639.0
-400.0	560.0	-515919.0
-400.0	600.0	-564199.0
-400.0	640.0	-612479.0
-400.0	680.0	-660759.0
-400.0	720.0	-709039.0
-400.0	760.0	-757319.0
-400.0	800.0	-805599.0
-400.0	840.0	-853879.0
-400.0	880.0	-902159.0
-400.0	920.0	-950439.0
-400.0	960.0	-998719.0
-400.0	1000.0	-1046999.0
-360.0	-1000.0	1216601.0
-360.0	-960.0	1173121.0
-360.0	-920.0	1129641.0
-360.0	-880.0	1086161.0
-360.0	-840.0	1042681.0
-360.0	-800.0	999201.0
-360.0	-760.0	955721.0
-360.0	-720.0	912241.0
-360.0	-680.0	868761.0
-360.0	-640.0	825281.0
-360.0	-600.0	781801.0
-360.0	-560.0	738321.0
-360.0	-520.0	694841.0
-360.0	-480.0	651361.0
-360.0	-440.0	607881.0
-360.0	-400.0	564401.0
-360.0	-360.0	520921.0
-360.0	-320.0	477441.0
-360.0	-280.0	433961.0
-360.0	-240.0	390481.0
-360.0	-200.0	347001.0
-360.0	-160.0	303521.0
-360.0	-120.0	260041.0
-360.0	-80.0	216561.0
-360.0	-40.0	173081.0
-360.0	0.0	129601.0
-360.0	40.0	86121.0
-360.0	80.0	42641.0
-360.0	120.0	-839.0
-360.0	160.0	-44319.0
-360.0	200.0	-87799.0
-360.0	240.0	-131279.0
-360.0	280.0	-174759.0
-360.0	320.0	-218239.0
-360.0	360.0	-261719.0
-360.0	400.0	-305199.0
-360.0	440.0	-348679.0
-360.0	480.0	-392159.0
-360.0	520.0	-435639.0
-360.0	560.0	-479119.0
-360.0	600.0	-522599.0
-360.0	640.0	-566079.0
-360.0	680.0	-609559.0
-360.0	720.0	-653039.0
-360.0	760.0	-696519.0
-360.0	800.0	-739999.0
-360.0	840.0	-783479.0
-360.0	880.0	-826959.0
-360.0	920.0	-870439.0
-360.0	960.0	-913919.0
-360.0	1000.0	-957399.0
-320.0	-1000.0	1069401.0
-320.0	-960.0	1030721.0
-320.0	-920.0	992041.0
-320.0	-880.0	953361.0
-320.0	-840.0	914681.0
-320.0	-800.0	876001.0
-320.0	-760.0	837321.0
-320.0	-720.0	798641.0
-320.0	-680.0	759961.0
-320.0	-640.0	721281.0
-320.0	-600.0	682601.0
-320.0	-560.0	643921.0
-320.0	-520.0	605241.0
-320.0	-480.0	566561.0
-320.0	-440.0	527881.0
-320.0	-400.0	489201.0
-320.0	-360.0	450521.0
-320.0	-320.0	411841.0
-320.0	-280.0	373161.0
-320.0	-240.0	334481.0
-320.0	-200.0	295801.0
-320.0	-160.0	257121.0
-320.0	-120.0	218441.0
-320.0	-80.0	179761.0
-320.0	-40.0	141081.0
-320.0	0.0	102401.0
-320.0	40.0	63721.0
-320.0	80.0	25041.0
-320.0	120.0	-13639.0
-320.0	160.0	-52319.0
-320.0	200.0	-90999.0
-320.0	240.0	-129679.0
-320.0	280.0	-168359.0
-320.0	320.0	-207039.0
-320.0	360.0	-245719.0
-320.0	400.0	-284399.0
-320.0	440.0	-323079.0
-320.0	480.0	-361759.0
-320.0	520.0	-400439.0
-320.0	560.0	-439119.0
-320.0	600.0	-477799.0
-320.0	640.0	-516479.0
-320.0	680.0	-555159.0
-320.0	720.0	-593839.0
-320.0	760.0	-632519.0
-320.0	800.0	-671199.0
-320.0	840.0	-709879.0
-320.0	880.0	-748559.0
-320.0	920.0	-787239.0
-320.0	960.0	-825919.0
-320.0	1000.0	-864599.0
-280.0	-1000.0	925401.0
-280.0	-960.0	891521.0
-280.0	-920.0	857641.0
-280.0	-880.0	823761.0
-280.0	-840.0	789881.0
-280.0	-800.0	756001.0
-280.0	-760.0	722121.0
-280.0	-720.0	688241.0
-280.0	-680.0	654361.0
-280.0	-640.0	620481.0
-280.0	-600.0	586601.0
-280.0	-560.0	552721.0
-280.0	-520.0	518841.0
-280.0	-480.0	484961.0
-280.0	-440.0	451081.0
-280.0	-400.0	417201.0
-280.0	-360.0	383321.0
-280.0	-320.0	349441.0
-280.0	-280.0	315561.0
-280.0	-240.0	281681.0
-280.0	-200.0	247801.0
-280.0	-160.0	213921.0
-280.0	-120.0	180041.0
-280.0	-80.0	146161.0
-280.0	-40.0	112281.0
-280.0	0.0	78401.0
-280.0	40.0	44521.0
-280.0	80.0	10641.0
-280.0	120.0	-23239.0
-280.0	160.0	-57119.0
-280.0	200.0	-90999.0
-280.0	240.0	-124879.0
-280.0	280.0	-158759.0
-280.0	320.0	-192639.0
-280.0	360.0	-226519.0
-280.0	400.0	-260399.0
-280.0	440.0	-294279.0
-280.0	480.0	-328159.0
-280.0	520.0	-362039.0
-280.0	560.0	-395919.0
-280.0	600.0	-429799.0
-280.0	640.0	-463679.0
-280.0	680.0	-497559.0
-280.0	720.0	-531439.0
-280.0	760.0	-565319.0
-280.0	800.0	-599199.0
-280.0	840.0	-633079.0
-280.0	880.0	-666959.0
-280.0	920.0	-700839.0
-280.0	960.0	-734719.0
-280.0	1000.0	-768599.0
-240.0	-1000.0	784601.0
-240.0	-960.0	755521.0
-240.0	-920.0	726441.0
-240.0	-880.0	697361.0
-240.0	-840.0	668281.0
-240.0	-800.0	639201.0
-240.0	-760.0	610121.0
-240.0	-720.0	581041.0
-240.0	-680.0	551961.0
-240.0	-640.0	522881.0
-240.0	-600.0	493801.0
-240.0	-560.0	464721.0
-240.0	-520.0	435641.0
-240.0	-480.0	406561.0
-240.0	-440.0	377481.0
-240.0	-400.0	348401.0
-240.0	-360.0	319321.0
-240.0	-320.0	290241.0
-240.0	-280.0	261161.0
-240.0	-240.0	232081.0
-240.0	-200.0	203001.0
-240.0	-160.0	173921.0
-240.0	-120.0	144841.0
-240.0	-80.0	115761.0
-240.0	-40.0	86681.0
-240.0	0.0	57601.0
-240.0	40.0	28521.0
-240.0	80.0	-559.0
-240.0	120.0	-29639.0
-240.0	160.0	-58719.0
-240.0	200.0	-87799.0
-240.0	240.0	-116879.0
-240.0	280.0	-145959.0
-240.0	320.0	-175039.0
-240.0	360.0	-204119.0
-240.0	400.0	-233199.0
-240.0	440.0	-262279.0
-240.0	480.0	-291359.0
-240.0	520.0	-320439.0
-240.0	560.0	-349519.0
-240.0	600.0	-378599.0
-240.0	640.0	-407679.0
-240.0	680.0	-436759.0
-240.0	720.0	-465839.0
-240.0	760.0	-494919.0
-240.0	800.0	-523999.0
-240.0	840.0	-553079.0
-240.0	880.0	-582159.0
-240.0	920.0	-611239.0
-240.0	960.0	-640319.0
-240.0	1000.0	-669399.0
-200.0	-1000.0	647001.0
-200.0	-960.0	622721.0
-200.0	-920.0	598441.0
-200.0	-880.0	574161.0
-200.0	-840.0	549881.0
-200.0	-800.0	525601.0
-200.0	-760.0	501321.0
-200.0	-720.0	477041.0
-200.0	-680.0	452761.0
-200.0	-640.0	428481.0
-200.0	-600.0	404201.0
-200.0	-560.0	379921.0
-200.0	-520.0	355641.0
-200.0	-480.0	331361.0
-200.0	-440.0	307081.0
-200.0	-400.0	282801.0
-200.0	-360.0	258521.0
-200.0	-320.0	234241.0
-200.0	-280.0	209961.0
-200.0	-240.0	185681.0
-200.0	-200.0	161401.0
-200.0	-160.0	137121.0
-200.0	-120.0	112841.0
-200.0	-80.0	88561.0
-200.0	-40.0	64281.0
-200.0	0.0	40001.0
-200.0	40.0	15721.0
-200.0	80.0	-8559.0
-200.0	120.0	-32839.0
-200.0	160.0	-57119.0
-200.0	200.0	-81399.0
-200.0	240.0	-105679.0
-200.0	280.0	-129959.0
-200.0	320.0	-154239.0
-200.0	360.0	-178519.0
-200.0	400.0	-202799.0
-200.0	440.0	-227079.0
-200.0	480.0	-251359.0
-200.0	520.0	-275639.0
-200.0	560.0	-299919.0
-200.0	600.0	-324199.0
-200.0	640.0	-348479.0
-200.0	680.0	-372759.0
-200.0	720.0	-397039.0
-200.0	760.0	-421319.0
-200.0	800.0	-445599.0
-200.0	840.0	-469879.0
-200.0	880.0	-494159.0
-200.0	920.0	-518439.0
-200.0	960.0	-542719.0
-200.0	1000.0	-566999.0
-160.0	-1000.0	512601.0
-160.0	-960.0	493121.0
-160.0	-920.0	473641.0
-160.0	-880.0	454161.0
-160.0	-840.0	434681.0
-160.0	-800.0	415201.0
-160.0	-760.0	395721.0
-160.0	-720.0	376241.0
-160.0	-680.0	356761.0
-160.0	-640.0	337281.0
-160.0	-600.0	317801.0
-160.0	-560.0	298321.0
-160.0	-520.0	278841.0
-160.0	-480.0	259361.0
-160.0	-440.0	239881.0
-160.0	-400.0	220401.0
-160.0	-360.0	200921.0
-160.0	-320.0	181441.0
-160.0	-280.0	161961.0
-160.0	-240.0	142481.0
-160.0	-200.0	123001.0
-160.0	-160.0	103521.0
-160.0	-120.0	84041.0
-160.0	-80.0	64561.0
-160.0	-40.0	45081.0
-160.0	0.0	25601.0
-160.0	40.0	6121.0
-160.0	80.0	-13359.0
-160.0	120.0	-32839.0
-160.0	160.0	-52319.0
-160.0	200.0	-71799.0
-160.0	240.0	-91279.0
-160.0	280.0	-110759.0
-160.0	320.0	-130239.0
-160.0	360.0	-149719.0
-160.0	400.0	-169199.0
-160.0	440.0	-188679.0
-160.0	480.0	-208159.0
-160.0	520.0	-227639.0
-160.0	560.0	-247119.0
-160.0	600.0	-266599.0
-160.0	640.0	-286079.0
-160.0	680.0	-305559.0
-160.0	720.0	-325039.0
-160.0	760.0	-344519.0
-160.0	800.0	-363999.0
-160.0	840.0	-383479.0
-160.0	880.0	-402959.0
-160.0	920.0	-422439.0
-160.0	960.0	-441919.0
-160.0	1000.0	-461399.0
-120.0	-1000.0	381401.0
-120.0	-960.0	366721.0
-120.0	-920.0	352041.0
-120.0	-880.0	337361.0
-120.0	-840.0	322681.0
-120.0	-800.0	308001.0
-120.0	-760.0	293321.0
-120.0	-720.0	278641.0
-120.0	-680.0	263961.0
-120.0	-640.0	249281.0
-120.0	-600.0	234601.0
-120.0	-560.0	219921.0
-120.0	-520.0	205241.0
-120.0	-480.0	190561.0
-120.0	-440.0	175881.0
-120.0	-400.0	161201.0
-120.0	-360.0	146521.0
-120.0	-320.0	131841.0
-120.0	-280.0	117161.0
-120.0	-240.0	102481.0
-120.0	-200.0	87801.0
-120.0	-160.0	73121.0
-120.0	-120.0	58441.0
-120.0	-80.0	43761.0
-120.0	-40.0	29081.0
-120.0	0.0	14401.0
-120.0	40.0	-279.0
-120.0	80.0	-14959.0
-120.0	120.0	-29639.0
-120.0	160.0	-44319.0
-120.0	200.0	-58999.0
-120.0	240.0	-73679.0
-120.0	280.0	-88359.0
-120.0	320.0	-103039.0
-120.0	360.0	-117719.0
-120.0	400.0	-132399.0
-120.0	440.0	-147079.0
-120.0	480.0	-161759.0
-120.0	520.0	-176439.0
-120.0	560.0	-191119.0
-120.0	600.0	-205799.0
-120.0	640.0	-220479.0
-120.0	680.0	-235159.0
-120.0	720.0	-249839.0
-120.0	760.0	-264519.0
-120.0	800.0	-279199.0
-120.0	840.0	-293879.0
-120.0	880.0	-308559.0
-120.0	920.0	-323239.0
-120.0	960.0	-337919.0
-120.0	1000.0	-352599.0
-80.0	-1000.0	253401.0
-80.0	-960.0	243521.0
-80.0	-920.0	233641.0
-80.0	-880.0	223761.0
-80.0	-840.0	213881.0
-80.0	-800.0	204001.0
-80.0	-760.0	194121.0
-80.0	-720.0	184241.0
-80.0	-680.0	174361.0
-80.0	-640.0	164481.0
-80.0	-600.0	154601.0
-80.0	-560.0	144721.0
-80.0	-520.0	134841.0
-80.0	-480.0	124961.0
-80.0	-440.0	115081.0
-80.0	-400.0	105201.0
-80.0	-360.0	95321.0
-80.0	-320.0	85441.0
-80.0	-280.0	75561.0
-80.0	-240.0	65681.0
-80.0	-200.0	55801.0
-80.0	-160.0	45921.0
-80.0	-120.0	36041.0
-80.0	-80.0	26161.0
-80.0	-40.0	16281.0
-80.0	0.0	6401.0
-80.0	40.0	-3479.0
-80.0	80.0	-13359.0
-80.0	120.0	-23239.0
-80.0	160.0	-33119.0
-80.0	200.0	-42999.0
-80.0	240.0	-52879.0
-80.0	280.0	-62759.0
-80.0	320.0	-72639.0
-80.0	360.0	-82519.0
-80.0	400.0	-92399.0
-80.0	440.0	-102279.0
-80.0	480.0	-112159.0
-80.0	520.0	-122039.0
-80.0	560.0	-131919.0
-80.0	600.0	-141799.0
-80.0	640.0	-151679.0
-80.0	680.0	-161559.0
-80.0	720.0	-171439.0
-80.0	760.0	-181319.0
-80.0	800.0	-191199.0
-80.0	840.0	-201079.0
-80.0	880.0	-210959.0
-80.0	920.0	-220839.0
-80.0	960.0	-230719.0
-80.0	1000.0	-240599.0
-40.0	-1000.0	128601.0
-40.0	-960.0	123521.0
-40.0	-920.0	118441.0
-40.0	-880.0	113361.0
-40.0	-840.0	108281.0
-40.0	-800.0	103201.0
-40.0	-760.0	98121.0
-40.0	-720.0	93041.0
-40.0	-680.0	87961.0
-40.0	-640.0	82881.0
-40.0	-600.0	77801.0
-40.0	-560.0	72721.0
-40.0	-520.0	67641.0
-40.0	-480.0	62561.0
-40.0	-440.0	57481.0
-40.0	-400.0	52401.0
-40.0	-360.0	47321.0
-40.0	-320.0	42241.0
-40.0	-280.0	37161.0
-40.0	-240.0	32081.0
-40.0	-200.0	27001.0
-40.0	-160.0	21921.0
-40.0	-120.0	16841.0
-40.0	-80.0	11761.0
-40.0	-40.0	6681.0
-40.0	0.0	1601.0
-40.0	40.0	-3479.0
-40.0	80.0	-8559.0
-40.0	120.0	-13639.0
-40.0	160.0	-18719.0
-40.0	200.0	-23799.0
-40.0	240.0	-28879.0
-40.0	280.0	-33959.0
-40.0	320.0	-39039.0
-40.0	360.0	-44119.0
-40.0	400.0	-49199.0
-40.0	440.0	-54279.0
-40.0	480.0	-59359.0
-40.0	520.0	-64439.0
-40.0	560.0	-69519.0
-40.0	600.0	-74599.0
-40.0	640.0	-79679.0
-40.0	680.0	-84759.0
-40.0	720.0	-89839.0
-40.0	760.0	-94919.0
-40.0	800.0	-99999.0
-40.0	840.0	-105079.0
-40.0	880.0	-110159.0
-40.0	920.0	-115239.0
-40.0	960.0	-120319.0
-40.0	1000.0	-125399.0
0.0	-1000.0	7001.0
0.0	-960.0	6721.0
0.0	-920.0	6441.0
0.0	-880.0	6161.0
0.0	-840.0	5881.0
0.0	-800.0	5601.0
0.0	-760.0	5321.0
0.0	-720.0	5041.0
0.0	-680.0	4761.0
0.0	-640.0	4481.0
0.0	-600.0	4201.0
0.0	-560.0	3921.0
0.0	-520.0	3641.0
0.0	-480.0	3361.0
0.0	-440.0	3081.0
0.0	-400.0	2801.0
0.0	-360.0	2521.0
0.0	-320.0	2241.0
0.0	-280.0	1961.0
0.0	-240.0	1681.0
0.0	-200.0	1401.0
0.0	-160.0	1121.0
0.0	-120.0	841.0
0.0	-80.0	561.0
0.0	-40.0	281.0
0.0	0.0	1.0
0.0	40.0	-279.0
0.0	80.0	-559.0
0.0	120.0	-839.0
0.0	160.0	-1119.0
0.0	200.0	-1399.0
0.0	240.0	-1679.0
0.0	280.0	-1959.0
0.0	320.0	-2239.0
0.0	360.0	-2519.0
0.0	400.0	-2799.0
0.0	440.0	-3079.0
0.0	480.0	-3359.0
0.0	520.0	-3639.0
0.0	560.0	-3919.0
0.0	600.0	-4199.0
0.0	640.0	-4479.0
0.0	680.0	-4759.0
0.0	720.0	-5039.0
0.0	760.0	-5319.0
0.0	800.0	-5599.0
0.0	840.0	-5879.0
0.0	880.0	-6159.0
0.0	920.0	-6439.0
0.0	960.0	-6719.0
0.0	1000.0	-6999.0
40.0	-1000.0	-111399.0
40.0	-960.0	-106879.0
40.0	-920.0	-102359.0
40.0	-880.0	-97839.0
40.0	-840.0	-93319.0
40.0	-800.0	-88799.0
40.0	-760.0	-84279.0
40.0	-720.0	-79759.0
40.0	-680.0	-75239.0
40.0	-640.0	-70719.0
40.0	-600.0	-66199.0
40.0	-560.0	-61679.0
40.0	-520.0	-57159.0
40.0	-480.0	-52639.0
40.0	-440.0	-48119.0
40.0	-400.0	-43599.0
40.0	-360.0	-39079.0
40.0	-320.0	-34559.0
40.0	-280.0	-30039.0
40.0	-240.0	-25519.0
40.0	-200.0	-20999.0
40.0	-160.0	-16479.0
40.0	-120.0	-11959.0
40.0	-80.0	-7439.0
40.0	-40.0	-2919.0
40.0	0.0	1601.0
40.0	40.0	6121.0
40.0	80.0	10641.0
40.0	120.0	15161.0
40.0	160.0	19681.0
40.0	200.0	24201.0
40.0	240.0	28721.0
40.0	280.0	33241.0
40.0	320.0	37761.0
40.0	360.0	42281.0
40.0	400.0	46801.0
40.0	440.0	51321.0
40.0	480.0	55841.0
40.0	520.0	60361.0
40.0	560.0	64881.0
40.0	600.0	69401.0
40.0	640.0	73921.0
40.0	680.0	78441.0
40.0	720.0	82961.0
40.0	760.0	87481.0
40.0	800.0	92001.0
40.0	840.0	96521.0
40.0	880.0	101041.0
40.0	920.0	105561.0
40.0	960.0	110081.0
40.0	1000.0	114601.0
80.0	-1000.0	-226599.0
80.0	-960.0	-217279.0
80.0	-920.0	-207959.0
80.0	-880.0	-198639.0
80.0	-840.0	-189319.0
80.0	-800.0	-179999.0
80.0	-760.0	-170679.0
80.0	-720.0	-161359.0
80.0	-680.0	-152039.0
80.0	-640.0	-142719.0
80.0	-600.0	-133399.0
80.0	-560.0	-124079.0
80.0	-520.0	-114759.0
80.0	-480.0	-105439.0
80.0	-440.0	-96119.0
80.0	-400.0	-86799.0
80.0	-360.0	-77479.0
80.0	-320.0	-68159.0
80.0	-280.0	-58839.0
80.0	-240.0	-49519.0
80.0	-200.0	-40199.0
80.0	-160.0	-30879.0
80.0	-120.0	-21559.0
80.0	-80.0	-12239.0
80.0	-40.0	-2919.0
80.0	0.0	6401.0
80.0	40.0	15721.0
80.0	80.0	25041.0
80.0	120.0	34361.0
80.0	160.0	43681.0
80.0	200.0	53001.0
80.0	240.0	62321.0
80.0	280.0	71641.0
80.0	320.0	80961.0
80.0	360.0	90281.0
80.0	400.0	99601.0
80.0	440.0	108921.0
80.0	480.0	118241.0
80.0	520.0	127561.0
80.0	560.0	136881.0
80.0	600.0	146201.0
80.0	640.0	155521.0
80.0	680.0	164841.0
80.0	720.0	174161.0
80.0	760.0	183481.0
80.0	800.0	192801.0
80.0	840.0	202121.0
80.0	880.0	211441.0
80.0	920.0	220761.0
80.0	960.0	230081.0
80.0	1000.0	239401.0
120.0	-1000.0	-338599.0
120.0	-960.0	-324479.0
120.0	-920.0	-310359.0
120.0	-880.0	-296239.0
120.0	-840.0	-282119.0
120.0	-800.0	-267999.0
120.0	-760.0	-253879.0
120.0	-720.0	-239759.0
120.0	-680.0	-225639.0
120.0	-640.0	-211519.0
120.0	-600.0	-197399.0
120.0	-560.0	-183279.0
120.0	-520.0	-169159.0
120.0	-480.0	-155039.0
120.0	-440.0	-140919.0
120.0	-400.0	-126799.0
120.0	-360.0	-112679.0
120.0	-320.0	-98559.0
120.0	-280.0	-84439.0
120.0	-240.0	-70319.0
120.0	-200.0	-56199.0
120.0	-160.0	-42079.0
120.0	-120.0	-27959.0
120.0	-80.0	-13839.0
120.0	-40.0	281.0
120.0	0.0	14401.0
120.0	40.0	28521.0
120.0	80.0	42641.0
120.0	120.0	56761.0
120.0	160.0	70881.0
120.0	200.0	85001.0
120.0	240.0	99121.0
120.0	280.0	113241.0
120.0	320.0	127361.0
120.0	360.0	141481.0
120.0	400.0	155601.0
120.0	440.0	169721.0
120.0	480.0	183841.0
120.0	520.0	197961.0
120.0	560.0	212081.0
120.0	600.0	226201.0
120.0	640.0	240321.0
120.0	680.0	254441.0
120.0	720.0	268561.0
120.0	760.0	282681.0
120.0	800.0	296801.0
120.0	840.0	310921.0
120.0	880.0	325041.0
120.0	920.0	339161.0
120.0	960.0	353281.0
120.0	1000.0	367401.0
160.0	-1000.0	-447399.0
160.0	-960.0	-428479.0
160.0	-920.0	-409559.0
160.0	-880.0	-390639.0
160.0	-840.0	-371719.0
160.0	-800.0	-352799.0
160.0	-760.0	-333879.0
160.0	-720.0	-314959.0
160.0	-680.0	-296039.0
160.0	-640.0	-277119.0
160.0	-600.0	-258199.0
160.0	-560.0	-239279.0
160.0	-520.0	-220359.0
160.0	-480.0	-201439.0
160.0	-440.0	-182519.0
160.0	-400.0	-163599.0
160.0	-360.0	-144679.0
160.0	-320.0	-125759.0
160.0	-280.0	-106839.0
160.0	-240.0	-87919.0
160.0	-200.0	-68999.0
160.0	-160.0	-50079.0
160.0	-120.0	-31159.0
160.0	-80.0	-12239.0
160.0	-40.0	6681.0
160.0	0.0	25601.0
160.0	40.0	44521.0
160.0	80.0	63441.0
160.0	120.0	82361.0
160.0	160.0	101281.0
160.0	200.0	120201.0
160.0	240.0	139121.0
160.0	280.0	158041.0
160.0	320.0	176961.0
160.0	360.0	195881.0
160.0	400.0	214801.0
160.0	440.0	233721.0
160.0	480.0	252641.0
160.0	520.0	271561.0
160.0	560.0	290481.0
160.0	600.0	309401.0
160.0	640.0	328321.0
160.0	680.0	347241.0
160.0	720.0	366161.0
160.0	760.0	385081.0
160.0	800.0	404001.0
160.0	840.0	422921.0
160.0	880.0	441841.0
160.0	920.0	460761.0
160.0	960.0	479681.0
160.0	1000.0	498601.0
200.0	-1000.0	-552999.0
200.0	-960.0	-529279.0
200.0	-920.0	-505559.0
200.0	-880.0	-481839.0
200.0	-840.0	-458119.0
200.0	-800.0	-434399.0
200.0	-760.0	-410679.0
200.0	-720.0	-386959.0
200.0	-680.0	-363239.0
200.0	-640.0	-339519.0
200.0	-600.0	-315799.0
200.0	-560.0	-292079.0
200.0	-520.0	-268359.0
200.0	-480.0	-244639.0
200.0	-440.0	-220919.0
200.0	-400.0	-197199.0
200.0	-360.0	-173479.0
200.0	-320.0	-149759.0
200.0	-280.0	-126039.0
200.0	-240.0	-102319.0
200.0	-200.0	-78599.0
200.0	-160.0	-54879.0
200.0	-120.0	-31159.0
200.0	-80.0	-7439.0
200.0	-40.0	16281.0
200.0	0.0	40001.0
200.0	40.0	63721.0
200.0	80.0	87441.0
200.0	120.0	111161.0
200.0	160.0	134881.0
200.0	200.0	158601.0
200.0	240.0	182321.0
200.0	280.0	206041.0
200.0	320.0	229761.0
200.0	360.0	253481.0
200.0	400.0	277201.0
200.0	440.0	300921.0
200.0	480.0	324641.0
200.0	520.0	348361.0
200.0	560.0	372081.0
200.0	600.0	395801.0
200.0	640.0	419521.0
200.0	680.0	443241.0
200.0	720.0	466961.0
200.0	760.0	490681.0
200.0	800.0	514401.0
200.0	840.0	538121.0
200.0	880.0	561841.0
200.0	920.0	585561.0
200.0	960.0	609281.0
200.0	1000.0	633001.0
240.0	-1000.0	-655399.0
240.0	-960.0	-626879.0
240.0	-920.0	-598359.0
240.0	-880.0	-569839.0
240.0	-840.0	-541319.0
240.0	-800.0	-512799.0
240.0	-760.0	-484279.0
240.0	-720.0	-455759.0
240.0	-680.0	-427239.0
240.0	-640.0	-398719.0
240.0	-600.0	-370199.0
240.0	-560.0	-341679.0
240.0	-520.0	-313159.0
240.0	-480.0	-284639.0
240.0	-440.0	-256119.0
240.0	-400.0	-227599.0
240.0	-360.0	-199079.0
240.0	-320.0	-170559.0
240.0	-280.0	-142039.0
240.0	-240.0	-113519.0
240.0	-200.0	-84999.0
240.0	-160.0	-56479.0
240.0	-120.0	-27959.0
240.0	-80.0	561.0
240.0	-40.0	29081.0
240.0	0.0	57601.0
240.0	40.0	86121.0
240.0	80.0	114641.0
240.0	120.0	143161.0
240.0	160.0	171681.0
240.0	200.0	200201.0
240.0	240.0	228721.0
240.0	280.0	257241.0
240.0	320.0	285761.0
240.0	360.0	314281.0
240.0	400.0	342801.0
240.0	440.0	371321.0
240.0	480.0	399841.0
240.0	520.0	428361.0
240.0	560.0	456881.0
240.0	600.0	485401.0
240.0	640.0	513921.0
240.0	680.0	542441.0
240.0	720.0	570961.0
240.0	760.0	599481.0
240.0	800.0	628001.0
240.0	840.0	656521.0
240.0	880.0	685041.0
240.0	920.0	713561.0
240.0	960.0	742081.0
240.0	1000.0	770601.0
280.0	-1000.0	-754599.0
280.0	-960.0	-721279.0
280.0	-920.0	-687959.0
280.0	-880.0	-654639.0
280.0	-840.0	-621319.0
280.0	-800.0	-587999.0
280.0	-760.0	-554679.0
280.0	-720.0	-521359.0
280.0	-680.0	-488039.0
280.0	-640.0	-454719.0
280.0	-600.0	-421399.0
280.0	-560.0	-388079.0
280.0	-520.0	-354759.0
280.0	-480.0	-321439.0
280.0	-440.0	-288119.0
280.0	-400.0	-254799.0
280.0	-360.0	-221479.0
280.0	-320.0	-188159.0
280.0	-280.0	-154839.0
280.0	-240.0	-121519.0
280.0	-200.0	-88199.0
280.0	-160.0	-54879.0
280.0	-120.0	-21559.0
280.0	-80.0	11761.0
280.0	-40.0	45081.0
280.0	0.0	78401.0
280.0	40.0	111721.0
280.0	80.0	145041.0
280.0	120.0	178361.0
280.0	160.0	211681.0
280.0	200.0	245001.0
280.0	240.0	278321.0
280.0	280.0	311641.0
280.0	320.0	344961.0
280.0	360.0	378281.0
280.0	400.0	411601.0
280.0	440.0	444921.0
280.0	480.0	478241.0
280.0	520.0	511561.0
280.0	560.0	544881.0
280.0	600.0	578201.0
280.0	640.0	611521.0
280.0	680.0	644841.0
280.0	720.0	678161.0
280.0	760.0	711481.0
280.0	800.0	744801.0
280.0	840.0	778121.0
280.0	880.0	811441.0
280.0	920.0	844761.0
280.0	960.0	878081.0
280.0	1000.0	911401.0
320.0	-1000.0	-850599.0
320.0	-960.0	-812479.0
320.0	-920.0	-774359.0
320.0	-880.0	-736239.0
320.0	-840.0	-698119.0
320.0	-800.0	-659999.0
320.0	-760.0	-621879.0
320.0	-720.0	-583759.0
320.0	-680.0	-545639.0
320.0	-640.0	-507519.0
320.0	-600.0	-469399.0
320.0	-560.0	-431279.0
320.0	-520.0	-393159.0
320.0	-480.0	-355039.0
320.0	-440.0	-316919.0
320.0	-400.0	-278799.0
320.0	-360.0	-240679.0
320.0	-320.0	-202559.0
320.0	-280.0	-164439.0
320.0	-240.0	-126319.0
320.0	-200.0	-88199.0
320.0	-160.0	-50079.0
320.0	-120.0	-11959.0
320.0	-80.0	26161.0
320.0	-40.0	64281.0
320.0	0.0	102401.0
320.0	40.0	140521.0
320.0	80.0	178641.0
320.0	120.0	216761.0
320.0	160.0	254881.0
320.0	200.0	293001.0
320.0	240.0	331121.0
320.0	280.0	369241.0
320.0	320.0	407361.0
320.0	360.0	445481.0
320.0	400.0	483601.0
320.0	440.0	521721.0
320.0	480.0	559841.0
320.0	520.0	597961.0
320.0	560.0	636081.0
320.0	600.0	674201.0
320.0	640.0	712321.0
320.0	680.0	750441.0
320.0	720.0	788561.0
320.0	760.0	826681.0
320.0	800.0	864801.0
320.0	840.0	902921.0
320.0	880.0	941041.0
320.0	920.0	979161.0
320.0	960.0	1017281.0
320.0	1000.0	1055401.0
360.0	-1000.0	-943399.0
360.0	-960.0	-900479.0
360.0	-920.0	-857559.0
360.0	-880.0	-814639.0
360.0	-840.0	-771719.0
360.0	-800.0	-728799.0
360.0	-760.0	-685879.0
360.0	-720.0	-642959.0
360.0	-680.0	-600039.0
360.0	-640.0	-557119.0
360.0	-600.0	-514199.0
360.0	-560.0	-471279.0
360.0	-520.0	-428359.0
360.0	-480.0	-385439.0
360.0	-440.0	-342519.0
360.0	-400.0	-299599.0
360.0	-360.0	-256679.0
360.0	-320.0	-213759.0
360.0	-280.0	-170839.0
360.0	-240.0	-127919.0
360.0	-200.0	-84999.0
360.0	-160.0	-42079.0
360.0	-120.0	841.0
360.0	-80.0	43761.0
360.0	-40.0	86681.0
360.0	0.0	129601.0
360.0	40.0	172521.0
360.0	80.0	215441.0
360.0	120.0	258361.0
360.0	160.0	301281.0
360.0	200.0	344201.0
360.0	240.0	387121.0
360.0	280.0	430041.0
360.0	320.0	472961.0
360.0	360.0	515881.0
360.0	400.0	558801.0
360.0	440.0	601721.0
360.0	480.0	644641.0
360.0	520.0	687561.0
360.0	560.0	730481.0
360.0	600.0	773401.0
360.0	640.0	816321.0
360.0	680.0	859241.0
360.0	720.0	902161.0
360.0	760.0	945081.0
360.0	800.0	988001.0
360.0	840.0	1030921.0
360.0	880.0	1073841.0
360.0	920.0	1116761.0
360.0	960.0	1159681.0
360.0	1000.0	1202601.0
400.0	-1000.0	-1032999.0
400.0	-960.0	-985279.0
400.0	-920.0	-937559.0
400.0	-880.0	-889839.0
400.0	-840.0	-842119.0
400.0	-800.0	-794399.0
400.0	-760.0	-746679.0
400.0	-720.0	-698959.0
400.0	-680.0	-651239.0
400.0	-640.0	-603519.0
400.0	-600.0	-555799.0
400.0	-560.0	-508079.0
400.0	-520.0	-460359.0
400.0	-480.0	-412639.0
400.0	-440.0	-364919.0
400.0	-400.0	-317199.0
400.0	-360.0	-269479.0
400.0	-320.0	-221759.0
400.0	-280.0	-174039.0
400.0	-240.0	-126319.0
400.0	-200.0	-78599.0
400.0	-160.0	-30879.0
400.0	-120.0	16841.0
400.0	-80.0	64561.0
400.0	-40.0	112281.0
400.0	0.0	160001.0
400.0	40.0	207721.0
400.0	80.0	255441.0
400.0	120.0	303161.0
400.0	160.0	350881.0
400.0	200.0	398601.0
400.0	240.0	446321.0
400.0	280.0	494041.0
400.0	320.0	541761.0
400.0	360.0	589481.0
400.0	400.0	637201.0
400.0	440.0	684921.0
400.0	480.0	732641.0
400.0	520.0	780361.0
400.0	560.0	828081.0
400.0	600.0	875801.0
400.0	640.0	923521.0
400.0	680.0	971241.0
400.0	720.0	1018961.0
400.0	760.0	1066681.0
400.0	800.0	1114401.0
400.0	840.0	1162121.0
400.0	880.0	1209841.0
400.0	920.0	1257561.0
400.0	960.0	1305281.0
400.0	1000.0	1353001.0
440.0	-1000.0	-1119399.0
440.0	-960.0	-1066879.0
440.0	-920.0	-1014359.0
440.0	-880.0	-961839.0
440.0	-840.0	-909319.0
440.0	-800.0	-856799.0
440.0	-760.0	-804279.0
440.0	-720.0	-751759.0
440.0	-680.0	-699239.0
440.0	-640.0	-646719.0
440.0	-600.0	-594199.0
440.0	-560.0	-541679.0
440.0	-520.0	-489159.0
440.0	-480.0	-436639.0
440.0	-440.0	-384119.0
440.0	-400.0	-331599.0
440.0	-360.0	-279079.0
440.0	-320.0	-226559.0
440.0	-280.0	-174039.0
440.0	-240.0	-121519.0
440.0	-200.0	-68999.0
440.0	-160.0	-16479.0
440.0	-120.0	36041.0
440.0	-80.0	88561.0
440.0	-40.0	141081.0
440.0	0.0	193601.0
440.0	40.0	246121.0
440.0	80.0	298641.0
440.0	120.0	351161.0
440.0	160.0	403681.0
440.0	200.0	456201.0
440.0	240.0	508721.0
440.0	280.0	561241.0
440.0	320.0	613761.0
440.0	360.0	666281.0
440.0	400.0	718801.0
440.0	440.0	771321.0
440.0	480.0	823841.0
440.0	520.0	876361.0
440.0	560.0	928881.0
440.0	600.0	981401.0
440.0	640.0	1033921.0
440.0	680.0	1086441.0
440.0	720.0	1138961.0
440.0	760.0	1191481.0
440.0	800.0	1244001.0
440.0	840.0	1296521.0
440.0	880.0	1349041.0
440.0	920.0	1401561.0
440.0	960.0	1454081.0
440.0	1000.0	1506601.0
480.0	-1000.0	-1202599.0
480.0	-960.0	-1145279.0
480.0	-920.0	-1087959.0
480.0	-880.0	-1030639.0
480.0	-840.0	-973319.0
480.0	-800.0	-915999.0
480.0	-760.0	-858679.0
480.0	-720.0	-801359.0
480.0	-680.0	-744039.0
480.0	-640.0	-686719.0
480.0	-600.0	-629399.0
480.0	-560.0	-572079.0
480.0	-520.0	-514759.0
480.0	-480.0	-457439.0
480.0	-440.0	-400119.0
480.0	-400.0	-342799.0
480.0	-360.0	-285479.0
480.0	-320.0	-228159.0
480.0	-280.0	-170839.0
480.0	-240.0	-113519.0
480.0	-200.0	-56199.0
480.0	-160.0	1121.0
480.0	-120.0	58441.0
480.0	-80.0	115761.0
480.0	-40.0	173081.0
480.0	0.0	230401.0
480.0	40.0	287721.0
480.0	80.0	345041.0
480.0	120.0	402361.0
480.0	160.0	459681.0
480.0	200.0	517001.0
480.0	240.0	574321.0
480.0	280.0	631641.0
480.0	320.0	688961.0
480.0	360.0	746281.0
480.0	400.0	803601.0
480.0	440.0	860921.0
480.0	480.0	918241.0
480.0	520.0	975561.0
480.0	560.0	1032881.0
480.0	600.0	1090201.0
480.0	640.0	1147521.0
480.0	680.0	1204841.0
480.0	720.0	1262161.0
480.0	760.0	1319481.0
480.0	800.0	1376801.0
480.0	840.0	1434121.0
480.0	880.0	1491441.0
480.0	920.0	1548761.0
480.0	960.0	1606081.0
480.0	1000.0	1663401.0
520.0	-1000.0	-1282599.0
520.0	-960.0	-1220479.0
520.0	-920.0	-1158359.0
520.0	-880.0	-1096239.0
520.0	-840.0	-1034119.0
520.0	-800.0	-971999.0
520.0	-760.0	-909879.0
520.0	-720.0	-847759.0
520.0	-680.0	-785639.0
520.0	-640.0	-723519.0
520.0	-600.0	-661399.0
520.0	-560.0	-599279.0
520.0	-520.0	-537159.0
520.0	-480.0	-475039.0
520.0	-440.0	-412919.0
520.0	-400.0	-350799.0
520.0	-360.0	-288679.0
520.0	-320.0	-226559.0
520.0	-280.0	-164439.0
520.0	-240.0	-102319.0
520.0	-200.0	-40199.0
520.0	-160.0	21921.0
520.0	-120.0	84041.0
520.0	-80.0	146161.0
520.0	-40.0	208281.0
520.0	0.0	270401.0
520.0	40.0	332521.0
520.0	80.0	394641.0
520.0	120.0	456761.0
520.0	160.0	518881.0
520.0	200.0	581001.0
520.0	240.0	643121.0
520.0	280.0	705241.0
520.0	320.0	767361.0
520.0	360.0	829481.0
520.0	400.0	891601.0
520.0	440.0	953721.0
520.0	480.0	1015841.0
520.0	520.0	1077961.0
520.0	560.0	1140081.0
520.0	600.0	1202201.0
520.0	640.0	1264321.0
520.0	680.0	1326441.0
520.0	720.0	1388561.0
520.0	760.0	1450681.0
520.0	800.0	1512801.0
520.0	840.0	1574921.0
520.0	880.0	1637041.0
520.0	920.0	1699161.0
520.0	960.0	1761281.0
520.0	1000.0	1823401.0
560.0	-1000.0	-1359399.0
560.0	-960.0	-1292479.0
560.0	-920.0	-1225559.0
560.0	-880.0	-1158639.0
560.0	-840.0	-1091719.0
560.0	-800.0	-1024799.0
560.0	-760.0	-957879.0
560.0	-720.0	-890959.0
560.0	-680.0	-824039.0
560.0	-640.0	-757119.0
560.0	-600.0	-690199.0
560.0	-560.0	-623279.0
560.0	-520.0	-556359.0
560.0	-480.0	-489439.0
560.0	-440.0	-422519.0
560.0	-400.0	-355599.0
560.0	-360.0	-288679.0
560.0	-320.0	-221759.0
560.0	-280.0	-154839.0
560.0	-240.0	-87919.0
560.0	-200.0	-20999.0
560.0	-160.0	45921.0
560.0	-120.0	112841.0
560.0	-80.0	179761.0
560.0	-40.0	246681.0
560.0	0.0	313601.0
560.0	40.0	380521.0
560.0	80.0	447441.0
560.0	120.0	514361.0
560.0	160.0	581281.0
560.0	200.0	648201.0
560.0	240.0	715121.0
560.0	280.0	782041.0
560.0	320.0	848961.0
560.0	360.0	915881.0
560.0	400.0	982801.0
560.0	440.0	1049721.0
560.0	480.0	1116641.0
560.0	520.0	1183561.0
560.0	560.0	1250481.0
560.0	600.0	1317401.0
560.0	640.0	1384321.0
560.0	680.0	1451241.0
560.0	720.0	1518161.0
560.0	760.0	1585081.0
560.0	800.0	1652001.0
560.0	840.0	1718921.0
560.0	880.0	1785841.0
560.0	920.0	1852761.0
560.0	960.0	1919681.0
560.0	1000.0	1986601.0
600.0	-1000.0	-1432999.0
600.0	-960.0	-1361279.0
600.0	-920.0	-1289559.0
600.0	-880.0	-1217839.0
600.0	-840.0	-1146119.0
600.0	-800.0	-1074399.0
600.0	-760.0	-1002679.0
600.0	-720.0	-930959.0
600.0	-680.0	-859239.0
600.0	-640.0	-787519.0
600.0	-600.0	-715799.0
600.0	-560.0	-644079.0
600.0	-520.0	-572359.0
600.0	-480.0	-500639.0
600.0	-440.0	-428919.0
600.0	-400.0	-357199.0
600.0	-360.0	-285479.0
600.0	-320.0	-213759.0
600.0	-280.0	-142039.0
600.0	-240.0	-70319.0
600.0	-200.0	1401.0
600.0	-160.0	73121.0
600.0	-120.0	144841.0
600.0	-80.0	216561.0
600.0	-40.0	288281.0
600.0	0.0	360001.0
600.0	40.0	431721.0
600.0	80.0	503441.0
600.0	120.0	575161.0
600.0	160.0	646881.0
600.0	200.0	718601.0
600.0	240.0	790321.0
600.0	280.0	862041.0
600.0	320.0	933761.0
600.0	360.0	1005481.0
600.0	400.0	1077201.0
600.0	440.0	1148921.0
600.0	480.0	1220641.0
600.0	520.0	1292361.0
600.0	560.0	1364081.0
600.0	600.0	1435801.0
600.0	640.0	1507521.0
600.0	680.0	1579241.0
600.0	720.0	1650961.0
600.0	760.0	1722681.0
600.0	800.0	1794401.0
600.0	840.0	1866121.0
600.0	880.0	1937841.0
600.0	920.0	2009561.0
600.0	960.0	2081281.0
600.0	1000.0	2153001.0
640.0	-1000.0	-1503399.0
640.0	-960.0	-1426879.0
640.0	-920.0	-1350359.0
640.0	-880.0	-1273839.0
640.0	-840.0	-1197319.0
640.0	-800.0	-1120799.0
640.0	-760.0	-1044279.0
640.0	-720.0	-967759.0
640.0	-680.0	-891239.0
640.0	-640.0	-814719.0
640.0	-600.0	-738199.0
640.0	-560.0	-661679.0
640.0	-520.0	-585159.0
640.0	-480.0	-508639.0
640.0	-440.0	-432119.0
640.0	-400.0	-355599.0
640.0	-360.0	-279079.0
640.0	-320.0	-202559.0
640.0	-280.0	-126039.0
640.0	-240.0	-49519.0
640.0	-200.0	27001.0
640.0	-160.0	103521.0
640.0	-120.0	180041.0
640.0	-80.0	256561.0
640.0	-40.0	333081.0
640.0	0.0	409601.0
640.0	40.0	486121.0
640.0	80.0	562641.0
640.0	120.0	639161.0
640.0	160.0	715681.0
640.0	200.0	792201.0
640.0	240.0	868721.0
640.0	280.0	945241.0
640.0	320.0	1021761.0
640.0	360.0	1098281.0
640.0	400.0	1174801.0
640.0	440.0	1251321.0
640.0	480.0	1327841.0
640.0	520.0	1404361.0
640.0	560.0	1480881.0
640.0	600.0	1557401.0
640.0	640.0	1633921.0
640.0	680.0	1710441.0
640.0	720.0	1786961.0
640.0	760.0	1863481.0
640.0	800.0	1940001.0
640.0	840.0	2016521.0
640.0	880.0	2093041.0
640.0	920.0	2169561.0
640.0	960.0	2246081.0
640.0	1000.0	2322601.0
680.0	-1000.0	-1570599.0
680.0	-960.0	-1489279.0
680.0	-920.0	-1407959.0
680.0	-880.0	-1326639.0
680.0	-840.0	-1245319.0
680.0	-800.0	-1163999.0
680.0	-760.0	-1082679.0
680.0	-720.0	-1001359.0
680.0	-680.0	-920039.0
680.0	-640.0	-838719.0
680.0	-600.0	-757399.0
680.0	-560.0	-676079.0
680.0	-520.0	-594759.0
680.0	-480.0	-513439.0
680.0	-440.0	-432119.0
680.0	-400.0	-350799.0
680.0	-360.0	-269479.0
680.0	-320.0	-188159.0
680.0	-280.0	-106839.0
680.0	-240.0	-25519.0
680.0	-200.0	55801.0
680.0	-160.0	137121.0
680.0	-120.0	218441.0
680.0	-80.0	299761.0
680.0	-40.0	381081.0
680.0	0.0	462401.0
680.0	40.0	543721.0
680.0	80.0	625041.0
680.0	120.0	706361.0
680.0	160.0	787681.0
680.0	200.0	869001.0
680.0	240.0	950321.0
680.0	280.0	1031641.0
680.0	320.0	1112961.0
680.0	360.0	1194281.0
680.0	400.0	1275601.0
680.0	440.0	1356921.0
680.0	480.0	1438241.0
680.0	520.0	1519561.0
680.0	560.0	1600881.0
680.0	600.0	1682201.0
680.0	640.0	1763521.0
680.0	680.0	1844841.0
680.0	720.0	1926161.0
680.0	760.0	2007481.0
680.0	800.0	2088801.0
680.0	840.0	2170121.0
680.0	880.0	2251441.0
680.0	920.0	2332761.0
680.0	960.0	2414081.0
680.0	1000.0	2495401.0
720.0	-1000.0	-1634599.0
720.0	-960.0	-1548479.0
720.0	-920.0	-1462359.0
720.0	-880.0	-1376239.0
720.0	-840.0	-1290119.0
720.0	-800.0	-1203999.0
720.0	-760.0	-1117879.0
720.0	-720.0	-1031759.0
720.0	-680.0	-945639.0
720.0	-640.0	-859519.0
720.0	-600.0	-773399.0
720.0	-560.0	-687279.0
720.0	-520.0	-601159.0
720.0	-480.0	-515039.0
720.0	-440.0	-428919.0
720.0	-400.0	-342799.0
720.0	-360.0	-256679.0
720.0	-320.0	-170559.0
720.0	-280.0	-84439.0
720.0	-240.0	1681.0
720.0	-200.0	87801.0
720.0	-160.0	173921.0
720.0	-120.0	260041.0
720.0	-80.0	346161.0
720.0	-40.0	432281.0
720.0	0.0	518401.0
720.0	40.0	604521.0
720.0	80.0	690641.0
720.0	120.0	776761.0
720.0	160.0	862881.0
720.0	200.0	949001.0
720.0	240.0	1035121.0
720.0	280.0	1121241.0
720.0	320.0	1207361.0
720.0	360.0	1293481.0
720.0	400.0	1379601.0
720.0	440.0	1465721.0
720.0	480.0	1551841.0
720.0	520.0	1637961.0
720.0	560.0	1724081.0
720.0	600.0	1810201.0
720.0	640.0	1896321.0
720.0	680.0	1982441.0
720.0	720.0	2068561.0
720.0	760.0	2154681.0
720.0	800.0	2240801.0
720.0	840.0	2326921.0
720.0	880.0	2413041.0
720.0	920.0	2499161.0
720.0	960.0	2585281.0
720.0	1000.0	2671401.0
760.0	-1000.0	-1695399.0
760.0	-960.0	-1604479.0
760.0	-920.0	-1513559.0
760.0	-880.0	-1422639.0
760.0	-840.0	-1331719.0
760.0	-800.0	-1240799.0
760.0	-760.0	-1149879.0
760.0	-720.0	-1058959.0
760.0	-680.0	-968039.0
760.0	-640.0	-877119.0
760.0	-600.0	-786199.0
760.0	-560.0	-695279.0
760.0	-520.0	-604359.0
760.0	-480.0	-513439.0
760.0	-440.0	-422519.0
760.0	-400.0	-331599.0
760.0	-360.0	-240679.0
760.0	-320.0	-149759.0
760.0	-280.0	-58839.0
760.0	-240.0	32081.0
760.0	-200.0	123001.0
760.0	-160.0	213921.0
760.0	-120.0	304841.0
760.0	-80.0	395761.0
760.0	-40.0	486681.0
760.0	0.0	577601.0
760.0	40.0	668521.0
760.0	80.0	759441.0
760.0	120.0	850361.0
760.0	160.0	941281.0
760.0	200.0	1032201.0
760.0	240.0	1123121.0
760.0	280.0	1214041.0
760.0	320.0	1304961.0
760.0	360.0	1395881.0
760.0	400.0	1486801.0
760.0	440.0	1577721.0
760.0	480.0	1668641.0
760.0	520.0	1759561.0
760.0	560.0	1850481.0
760.0	600.0	1941401.0
760.0	640.0	2032321.0
760.0	680.0	2123241.0
760.0	720.0	2214161.0
760.0	760.0	2305081.0
760.0	800.0	2396001.0
760.0	840.0	2486921.0
760.0	880.0	2577841.0
760.0	920.0	2668761.0
760.0	960.0	2759681.0
760.0	1000.0	2850601.0
800.0	-1000.0	-1752999.0
800.0	-960.0	-1657279.0
800.0	-920.0	-1561559.0
800.0	-880.0	-1465839.0
800.0	-840.0	-1370119.0
800.0	-800.0	-1274399.0
800.0	-760.0	-1178679.0
800.0	-720.0	-1082959.0
800.0	-680.0	-987239.0
800.0	-640.0	-891519.0
800.0	-600.0	-795799.0
800.0	-560.0	-700079.0
800.0	-520.0	-604359.0
800.0	-480.0	-508639.0
800.0	-440.0	-412919.0
800.0	-400.0	-317199.0
800.0	-360.0	-221479.0
800.0	-320.0	-125759.0
800.0	-280.0	-30039.0
800.0	-240.0	65681.0
800.0	-200.0	161401.0
800.0	-160.0	257121.0
800.0	-120.0	352841.0
800.0	-80.0	448561.0
800.0	-40.0	544281.0
800.0	0.0	640001.0
800.0	40.0	735721.0
800.0	80.0	831441.0
800.0	120.0	927161.0
800.0	160.0	1022881.0
800.0	200.0	1118601.0
800.0	240.0	1214321.0
800.0	280.0	1310041.0
800.0	320.0	1405761.0
800.0	360.0	1501481.0
800.0	400.0	1597201.0
800.0	440.0	1692921.0
800.0	480.0	1788641.0
800.0	520.0	1884361.0
800.0	560.0	1980081.0
800.0	600.0	2075801.0
800.0	640.0	2171521.0
800.0	680.0	2267241.0
800.0	720.0	2362961.0
800.0	760.0	2458681.0
800.0	800.0	2554401.0
800.0	840.0	2650121.0
800.0	880.0	2745841.0
800.0	920.0	2841561.0
800.0	960.0	2937281.0
800.0	1000.0	3033001.0
840.0	-1000.0	-1807399.0
840.0	-960.0	-1706879.0
840.0	-920.0	-1606359.0
840.0	-880.0	-1505839.0
840.0	-840.0	-1405319.0
840.0	-800.0	-1304799.0
840.0	-760.0	-1204279.0
840.0	-720.0	-1103759.0
840.0	-680.0	-1003239.0
840.0	-640.0	-902719.0
840.0	-600.0	-802199.0
840.0	-560.0	-701679.0
840.0	-520.0	-601159.0
840.0	-480.0	-500639.0
840.0	-440.0	-400119.0
840.0	-400.0	-299599.0
840.0	-360.0	-199079.0
840.0	-320.0	-98559.0
840.0	-280.0	1961.0
840.0	-240.0	102481.0
840.0	-200.0	203001.0
840.0	-160.0	303521.0
840.0	-120.0	404041.0
840.0	-80.0	504561.0
840.0	-40.0	605081.0
840.0	0.0	705601.0
840.0	40.0	806121.0
840.0	80.0	906641.0
840.0	120.0	1007161.0
840.0	160.0	1107681.0
840.0	200.0	1208201.0
840.0	240.0	1308721.0
840.0	280.0	1409241.0
840.0	320.0	1509761.0
840.0	360.0	1610281.0
840.0	400.0	1710801.0
840.0	440.0	1811321.0
840.0	480.0	1911841.0
840.0	520.0	2012361.0
840.0	560.0	2112881.0
840.0	600.0	2213401.0
840.0	640.0	2313921.0
840.0	680.0	2414441.0
840.0	720.0	2514961.0
840.0	760.0	2615481.0
840.0	800.0	2716001.0
840.0	840.0	2816521.0
840.0	880.0	2917041.0
840.0	920.0	3017561.0
840.0	960.0	3118081.0
840.0	1000.0	3218601.0
880.0	-1000.0	-1858599.0
880.0	-960.0	-1753279.0
880.0	-920.0	-1647959.0
880.0	-880.0	-1542639.0
880.0	-840.0	-1437319.0
880.0	-800.0	-1331999.0
880.0	-760.0	-1226679.0
880.0	-720.0	-1121359.0
880.0	-680.0	-1016039.0
880.0	-640.0	-910719.0
880.0	-600.0	-805399.0
880.0	-560.0	-700079.0
880.0	-520.0	-594759.0
880.0	-480.0	-489439.0
880.0	-440.0	-384119.0
880.0	-400.0	-278799.0
880.0	-360.0	-173479.0
880.0	-320.0	-68159.0
880.0	-280.0	37161.0
880.0	-240.0	142481.0
880.0	-200.0	247801.0
880.0	-160.0	353121.0
880.0	-120.0	458441.0
880.0	-80.0	563761.0
880.0	-40.0	669081.0
880.0	0.0	774401.0
880.0	40.0	879721.0
880.0	80.0	985041.0
880.0	120.0	1090361.0
880.0	160.0	1195681.0
880.0	200.0	1301001.0
880.0	240.0	1406321.0
880.0	280.0	1511641.0
880.0	320.0	1616961.0
880.0	360.0	1722281.0
880.0	400.0	1827601.0
880.0	440.0	1932921.0
880.0	480.0	2038241.0
880.0	520.0	2143561.0
880.0	560.0	2248881.0
880.0	600.0	2354201.0
880.0	640.0	2459521.0
880.0	680.0	2564841.0
880.0	720.0	2670161.0
880.0	760.0	2775481.0
880.0	800.0	2880801.0
880.0	840.0	2986121.0
880.0	880.0	3091441.0
880.0	920.0	3196761.0
880.0	960.0	3302081.0
880.0	1000.0	3407401.0
920.0	-1000.0	-1906599.0
920.0	-960.0	-1796479.0
920.0	-920.0	-1686359.0
920.0	-880.0	-1576239.0
920.0	-840.0	-1466119.0
920.0	-800.0	-1355999.0
920.0	-760.0	-1245879.0
920.0	-720.0	-1135759.0
920.0	-680.0	-1025639.0
920.0	-640.0	-915519.0
920.0	-600.0	-805399.0
920.0	-560.0	-695279.0
920.0	-520.0	-585159.0
920.0	-480.0	-475039.0
920.0	-440.0	-364919.0
920.0	-400.0	-254799.0
920.0	-360.0	-144679.0
920.0	-320.0	-34559.0
920.0	-280.0	75561.0
920.0	-240.0	185681.0
920.0	-200.0	295801.0
920.0	-160.0	405921.0
920.0	-120.0	516041.0
920.0	-80.0	626161.0
920.0	-40.0	736281.0
920.0	0.0	846401.0
920.0	40.0	956521.0
920.0	80.0	1066641.0
920.0	120.0	1176761.0
920.0	160.0	1286881.0
920.0	200.0	1397001.0
920.0	240.0	1507121.0
920.0	280.0	1617241.0
920.0	320.0	1727361.0
920.0	360.0	1837481.0
920.0	400.0	1947601.0
920.0	440.0	2057721.0
920.0	480.0	2167841.0
920.0	520.0	2277961.0
920.0	560.0	2388081.0
920.0	600.0	2498201.0
920.0	640.0	2608321.0
920.0	680.0	2718441.0
920.0	720.0	2828561.0
920.0	760.0	2938681.0
920.0	800.0	3048801.0
920.0	840.0	3158921.0
920.0	880.0	3269041.0
920.0	920.0	3379161.0
920.0	960.0	3489281.0
920.0	1000.0	3599401.0
960.0	-1000.0	-1951399.0
960.0	-960.0	-1836479.0
960.0	-920.0	-1721559.0
960.0	-880.0	-1606639.0
960.0	-840.0	-1491719.0
960.0	-800.0	-1376799.0
960.0	-760.0	-1261879.0
960.0	-720.0	-1146959.0
960.0	-680.0	-1032039.0
960.0	-640.0	-917119.0
960.0	-600.0	-802199.0
960.0	-560.0	-687279.0
960.0	-520.0	-572359.0
960.0	-480.0	-457439.0
960.0	-440.0	-342519.0
960.0	-400.0	-227599.0
960.0	-360.0	-112679.0
960.0	-320.0	2241.0
960.0	-280.0	117161.0
960.0	-240.0	232081.0
960.0	-200.0	347001.0
960.0	-160.0	461921.0
960.0	-120.0	576841.0
960.0	-80.0	691761.0
960.0	-40.0	806681.0
960.0	0.0	921601.0
960.0	40.0	1036521.0
960.0	80.0	1151441.0
960.0	120.0	1266361.0
960.0	160.0	1381281.0
960.0	200.0	1496201.0
960.0	240.0	1611121.0
960.0	280.0	1726041.0
960.0	320.0	1840961.0
960.0	360.0	1955881.0
960.0	400.0	2070801.0
960.0	440.0	2185721.0
960.0	480.0	2300641.0
960.0	520.0	2415561.0
960.0	560.0	2530481.0
960.0	600.0	2645401.0
960.0	640.0	2760321.0
960.0	680.0	2875241.0
960.0	720.0	2990161.0
960.0	760.0	3105081.0
960.0	800.0	3220001.0
960.0	840.0	3334921.0
960.0	880.0	3449841.0
960.0	920.0	3564761.0
960.0	960.0	3679681.0
960.0	1000.0	3794601.0
1000.0	-1000.0	-1992999.0
1000.0	-960.0	-1873279.0
1000.0	-920.0	-1753559.0
1000.0	-880.0	-1633839.0
1000.0	-840.0	-1514119.0
1000.0	-800.0	-1394399.0
1000.0	-760.0	-1274679.0
1000.0	-720.0	-1154959.0
1000.0	-680.0	-1035239.0
1000.0	-640.0	-915519.0
1000.0	-600.0	-795799.0
1000.0	-560.0	-676079.0
1000.0	-520.0	-556359.0
1000.0	-480.0	-436639.0
1000.0	-440.0	-316919.0
1000.0	-400.0	-197199.0
1000.0	-360.0	-77479.0
1000.0	-320.0	42241.0
1000.0	-280.0	161961.0
1000.0	-240.0	281681.0
1000.0	-200.0	401401.0
1000.0	-160.0	521121.0
1000.0	-120.0	640841.0
1000.0	-80.0	760561.0
1000.0	-40.0	880281.0
1000.0	0.0	1000001.0
1000.0	40.0	1119721.0
1000.0	80.0	1239441.0
1000.0	120.0	1359161.0
1000.0	160.0	1478881.0
1000.0	200.0	1598601.0
1000.0	240.0	1718321.0
1000.0	280.0	1838041.0
1000.0	320.0	1957761.0
1000.0	360.0	2077481.0
1000.0	400.0	2197201.0
1000.0	440.0	2316921.0
1000.0	480.0	2436641.0
1000.0	520.0	2556361.0
1000.0	560.0	2676081.0
1000.0	600.0	2795801.0
1000.0	640.0	2915521.0
1000.0	680.0	3035241.0
1000.0	720.0	3154961.0
1000.0	760.0	3274681.0
1000.0	800.0	3394401.0
1000.0	840.0	3514121.0
1000.0	880.0	3633841.0
1000.0	920.0	3753561.0
1000.0	960.0	3873281.0
1000.0	1000.0	3993001.0